0 --> 1 1 2
1 --> 1 1 3
2 --> 1 1 4
3 --> 1 1 5
4 --> 1 1 6
5 --> 1 1 7
6 --> 1 1 8
7 --> 1 1 9
8 --> 1 2 0
9 --> 1 2 1
10 --> 1 2 2
11 --> 1 2 3
12 --> 1 2 4
13 --> 1 2 5
14 --> 1 2 6
15 --> 1 2 7
16 --> 1 2 8
17 --> 1 2 9
18 --> 1 3 0
19 --> 1 3 1
20 --> 1 3 2
21 --> 1 3 3
22 --> 1 3 4
23 --> 1 3 5
24 --> 1 3 6
25 --> 1 3 7
26 --> 1 3 8
27 --> 1 3 9
28 --> 1 3 10
29 --> 1 4 0
30 --> 1 4 1
31 --> 1 4 2
32 --> 1 4 3
33 --> 1 4 4
34 --> 1 4 5
35 --> 1 4 6
36 --> 1 4 7
37 --> 1 4 8
38 --> 1 4 9
39 --> 1 4 10
40 --> 1 5 0
41 --> 1 5 1
42 --> 1 5 2
43 --> 1 5 3
44 --> 1 5 4
45 --> 1 5 5
46 --> 1 5 6
47 --> 1 5 7
48 --> 1 5 8
49 --> 1 5 9
50 --> 1 5 10
51 --> 1 6 0
52 --> 1 6 1
53 --> 1 6 2
54 --> 1 6 3
55 --> 1 6 4
56 --> 1 6 5
57 --> 1 6 6
58 --> 1 6 7
59 --> 1 6 8
60 --> 1 6 9
61 --> 1 6 10
62 --> 1 7 0
63 --> 1 7 1
64 --> 1 7 2
65 --> 1 7 3
66 --> 1 7 4
67 --> 1 7 5
68 --> 1 7 6
69 --> 1 7 7
70 --> 1 7 8
71 --> 1 7 9
72 --> 1 7 10
73 --> 1 8 0
74 --> 1 8 1
75 --> 1 8 2
76 --> 1 8 3
77 --> 1 8 4
78 --> 1 8 5
79 --> 1 8 6
80 --> 1 8 7
81 --> 1 8 8
82 --> 1 8 9
83 --> 1 9 1
84 --> 1 9 2
85 --> 1 9 3
86 --> 1 9 4
87 --> 1 9 5
88 --> 1 9 6
89 --> 1 9 7
90 --> 1 9 8
91 --> 1 10 3
92 --> 1 10 4
93 --> 1 10 5
94 --> 1 10 6
95 --> 1 10 7
96 --> 2 1 2
97 --> 2 1 3
98 --> 2 1 4
99 --> 2 1 5
100 --> 2 1 6
101 --> 2 1 7
102 --> 2 1 8
103 --> 2 1 9
104 --> 2 2 0
105 --> 2 2 1
106 --> 2 2 2
107 --> 2 2 3
108 --> 2 2 4
109 --> 2 2 5
110 --> 2 2 6
111 --> 2 2 7
112 --> 2 2 8
113 --> 2 2 9
114 --> 2 3 0
115 --> 2 3 1
116 --> 2 3 2
117 --> 2 3 3
118 --> 2 3 4
119 --> 2 3 5
120 --> 2 3 6
121 --> 2 3 7
122 --> 2 3 8
123 --> 2 3 9
124 --> 2 4 0
125 --> 2 4 1
126 --> 2 4 2
127 --> 2 4 3
128 --> 2 4 4
129 --> 2 4 5
130 --> 2 4 6
131 --> 2 4 7
132 --> 2 4 8
133 --> 2 4 9
134 --> 2 5 0
135 --> 2 5 1
136 --> 2 5 2
137 --> 2 5 3
138 --> 2 5 4
139 --> 2 5 5
140 --> 2 5 6
141 --> 2 5 7
142 --> 2 5 8
143 --> 2 5 9
144 --> 2 6 0
145 --> 2 6 1
146 --> 2 6 2
147 --> 2 6 3
148 --> 2 6 4
149 --> 2 6 5
150 --> 2 6 6
151 --> 2 6 7
152 --> 2 6 8
153 --> 2 6 9
154 --> 2 7 0
155 --> 2 7 1
156 --> 2 7 2
157 --> 2 7 3
158 --> 2 7 4
159 --> 2 7 5
160 --> 2 7 6
161 --> 2 7 7
162 --> 2 7 8
163 --> 2 7 9
164 --> 2 8 0
165 --> 2 8 1
166 --> 2 8 2
167 --> 2 8 3
168 --> 2 8 4
169 --> 2 8 5
170 --> 2 8 6
171 --> 2 8 7
172 --> 2 8 8
173 --> 2 8 9
174 --> 2 9 1
175 --> 2 9 2
176 --> 2 9 3
177 --> 2 9 4
178 --> 2 9 5
179 --> 2 9 6
180 --> 2 9 7
181 --> 2 9 8
182 --> 3 1 2
183 --> 3 1 3
184 --> 3 1 4
185 --> 3 1 5
186 --> 3 1 6
187 --> 3 1 7
188 --> 3 1 8
189 --> 3 1 9
190 --> 3 2 0
191 --> 3 2 1
192 --> 3 2 2
193 --> 3 2 3
194 --> 3 2 4
195 --> 3 2 5
196 --> 3 2 6
197 --> 3 2 7
198 --> 3 2 8
199 --> 3 2 9
200 --> 3 3 0
201 --> 3 3 1
202 --> 3 3 2
203 --> 3 3 3
204 --> 3 3 4
205 --> 3 3 5
206 --> 3 3 6
207 --> 3 3 7
208 --> 3 3 8
209 --> 3 3 9
210 --> 3 3 10
211 --> 3 4 0
212 --> 3 4 1
213 --> 3 4 2
214 --> 3 4 3
215 --> 3 4 4
216 --> 3 4 5
217 --> 3 4 6
218 --> 3 4 7
219 --> 3 4 8
220 --> 3 4 9
221 --> 3 4 10
222 --> 3 5 0
223 --> 3 5 1
224 --> 3 5 2
225 --> 3 5 3
226 --> 3 5 4
227 --> 3 5 5
228 --> 3 5 6
229 --> 3 5 7
230 --> 3 5 8
231 --> 3 5 9
232 --> 3 5 10
233 --> 3 6 0
234 --> 3 6 1
235 --> 3 6 2
236 --> 3 6 3
237 --> 3 6 4
238 --> 3 6 5
239 --> 3 6 6
240 --> 3 6 7
241 --> 3 6 8
242 --> 3 6 9
243 --> 3 6 10
244 --> 3 7 0
245 --> 3 7 1
246 --> 3 7 2
247 --> 3 7 3
248 --> 3 7 4
249 --> 3 7 5
250 --> 3 7 6
251 --> 3 7 7
252 --> 3 7 8
253 --> 3 7 9
254 --> 3 7 10
255 --> 3 8 0
256 --> 3 8 1
257 --> 3 8 2
258 --> 3 8 3
259 --> 3 8 4
260 --> 3 8 5
261 --> 3 8 6
262 --> 3 8 7
263 --> 3 8 8
264 --> 3 8 9
265 --> 3 9 1
266 --> 3 9 2
267 --> 3 9 3
268 --> 3 9 4
269 --> 3 9 5
270 --> 3 9 6
271 --> 3 9 7
272 --> 3 9 8
273 --> 3 10 3
274 --> 3 10 4
275 --> 3 10 5
276 --> 3 10 6
277 --> 3 10 7
278 --> 4 1 2
279 --> 4 1 3
280 --> 4 1 4
281 --> 4 1 5
282 --> 4 1 6
283 --> 4 1 7
284 --> 4 1 8
285 --> 4 1 9
286 --> 4 2 0
287 --> 4 2 1
288 --> 4 2 2
289 --> 4 2 3
290 --> 4 2 4
291 --> 4 2 5
292 --> 4 2 6
293 --> 4 2 7
294 --> 4 2 8
295 --> 4 2 9
296 --> 4 3 0
297 --> 4 3 1
298 --> 4 3 2
299 --> 4 3 3
300 --> 4 3 4
301 --> 4 3 5
302 --> 4 3 6
303 --> 4 3 7
304 --> 4 3 8
305 --> 4 3 9
306 --> 4 4 0
307 --> 4 4 1
308 --> 4 4 2
309 --> 4 4 3
310 --> 4 4 4
311 --> 4 4 5
312 --> 4 4 6
313 --> 4 4 7
314 --> 4 4 8
315 --> 4 4 9
316 --> 4 5 0
317 --> 4 5 1
318 --> 4 5 2
319 --> 4 5 3
320 --> 4 5 4
321 --> 4 5 5
322 --> 4 5 6
323 --> 4 5 7
324 --> 4 5 8
325 --> 4 5 9
326 --> 4 6 0
327 --> 4 6 1
328 --> 4 6 2
329 --> 4 6 3
330 --> 4 6 4
331 --> 4 6 5
332 --> 4 6 6
333 --> 4 6 7
334 --> 4 6 8
335 --> 4 6 9
336 --> 4 7 0
337 --> 4 7 1
338 --> 4 7 2
339 --> 4 7 3
340 --> 4 7 4
341 --> 4 7 5
342 --> 4 7 6
343 --> 4 7 7
344 --> 4 7 8
345 --> 4 7 9
346 --> 4 8 0
347 --> 4 8 1
348 --> 4 8 2
349 --> 4 8 3
350 --> 4 8 4
351 --> 4 8 5
352 --> 4 8 6
353 --> 4 8 7
354 --> 4 8 8
355 --> 4 8 9
356 --> 4 9 1
357 --> 4 9 2
358 --> 4 9 3
359 --> 4 9 4
360 --> 4 9 5
361 --> 4 9 6
362 --> 4 9 7
363 --> 4 9 8
364 --> 5 1 2
365 --> 5 1 3
366 --> 5 1 4
367 --> 5 1 5
368 --> 5 1 6
369 --> 5 1 7
370 --> 5 1 8
371 --> 5 1 9
372 --> 5 2 0
373 --> 5 2 1
374 --> 5 2 2
375 --> 5 2 3
376 --> 5 2 4
377 --> 5 2 5
378 --> 5 2 6
379 --> 5 2 7
380 --> 5 2 8
381 --> 5 2 9
382 --> 5 3 0
383 --> 5 3 1
384 --> 5 3 2
385 --> 5 3 3
386 --> 5 3 4
387 --> 5 3 5
388 --> 5 3 6
389 --> 5 3 7
390 --> 5 3 8
391 --> 5 3 9
392 --> 5 3 10
393 --> 5 4 0
394 --> 5 4 1
395 --> 5 4 2
396 --> 5 4 3
397 --> 5 4 4
398 --> 5 4 5
399 --> 5 4 6
400 --> 5 4 7
401 --> 5 4 8
402 --> 5 4 9
403 --> 5 4 10
404 --> 5 5 0
405 --> 5 5 1
406 --> 5 5 2
407 --> 5 5 3
408 --> 5 5 4
409 --> 5 5 5
410 --> 5 5 6
411 --> 5 5 7
412 --> 5 5 8
413 --> 5 5 9
414 --> 5 5 10
415 --> 5 6 0
416 --> 5 6 1
417 --> 5 6 2
418 --> 5 6 3
419 --> 5 6 4
420 --> 5 6 5
421 --> 5 6 6
422 --> 5 6 7
423 --> 5 6 8
424 --> 5 6 9
425 --> 5 6 10
426 --> 5 7 0
427 --> 5 7 1
428 --> 5 7 2
429 --> 5 7 3
430 --> 5 7 4
431 --> 5 7 5
432 --> 5 7 6
433 --> 5 7 7
434 --> 5 7 8
435 --> 5 7 9
436 --> 5 7 10
437 --> 5 8 0
438 --> 5 8 1
439 --> 5 8 2
440 --> 5 8 3
441 --> 5 8 4
442 --> 5 8 5
443 --> 5 8 6
444 --> 5 8 7
445 --> 5 8 8
446 --> 5 8 9
447 --> 5 9 1
448 --> 5 9 2
449 --> 5 9 3
450 --> 5 9 4
451 --> 5 9 5
452 --> 5 9 6
453 --> 5 9 7
454 --> 5 9 8
455 --> 5 10 3
456 --> 5 10 4
457 --> 5 10 5
458 --> 5 10 6
459 --> 5 10 7
460 --> 6 1 2
461 --> 6 1 3
462 --> 6 1 4
463 --> 6 1 5
464 --> 6 1 6
465 --> 6 1 7
466 --> 6 1 8
467 --> 6 1 9
468 --> 6 2 0
469 --> 6 2 1
470 --> 6 2 2
471 --> 6 2 3
472 --> 6 2 4
473 --> 6 2 5
474 --> 6 2 6
475 --> 6 2 7
476 --> 6 2 8
477 --> 6 2 9
478 --> 6 3 0
479 --> 6 3 1
480 --> 6 3 2
481 --> 6 3 3
482 --> 6 3 4
483 --> 6 3 5
484 --> 6 3 6
485 --> 6 3 7
486 --> 6 3 8
487 --> 6 3 9
488 --> 6 4 0
489 --> 6 4 1
490 --> 6 4 2
491 --> 6 4 3
492 --> 6 4 4
493 --> 6 4 5
494 --> 6 4 6
495 --> 6 4 7
496 --> 6 4 8
497 --> 6 4 9
498 --> 6 4 10
499 --> 6 5 0
500 --> 6 5 1
501 --> 6 5 2
502 --> 6 5 3
503 --> 6 5 4
504 --> 6 5 5
505 --> 6 5 6
506 --> 6 5 7
507 --> 6 5 8
508 --> 6 5 9
509 --> 6 5 10
510 --> 6 6 0
511 --> 6 6 1
512 --> 6 6 2
513 --> 6 6 3
514 --> 6 6 4
515 --> 6 6 5
516 --> 6 6 6
517 --> 6 6 7
518 --> 6 6 8
519 --> 6 6 9
520 --> 6 6 10
521 --> 6 7 0
522 --> 6 7 1
523 --> 6 7 2
524 --> 6 7 3
525 --> 6 7 4
526 --> 6 7 5
527 --> 6 7 6
528 --> 6 7 7
529 --> 6 7 8
530 --> 6 7 9
531 --> 6 8 0
532 --> 6 8 1
533 --> 6 8 2
534 --> 6 8 3
535 --> 6 8 4
536 --> 6 8 5
537 --> 6 8 6
538 --> 6 8 7
539 --> 6 8 8
540 --> 6 8 9
541 --> 6 9 1
542 --> 6 9 2
543 --> 6 9 3
544 --> 6 9 4
545 --> 6 9 5
546 --> 6 9 6
547 --> 6 9 7
548 --> 6 9 8
549 --> 6 10 4
550 --> 6 10 5
551 --> 6 10 6
552 --> 7 1 2
553 --> 7 1 3
554 --> 7 1 4
555 --> 7 1 5
556 --> 7 1 6
557 --> 7 1 7
558 --> 7 1 8
559 --> 7 1 9
560 --> 7 2 0
561 --> 7 2 1
562 --> 7 2 2
563 --> 7 2 3
564 --> 7 2 4
565 --> 7 2 5
566 --> 7 2 6
567 --> 7 2 7
568 --> 7 2 8
569 --> 7 2 9
570 --> 7 3 0
571 --> 7 3 1
572 --> 7 3 2
573 --> 7 3 3
574 --> 7 3 4
575 --> 7 3 5
576 --> 7 3 6
577 --> 7 3 7
578 --> 7 3 8
579 --> 7 3 9
580 --> 7 3 10
581 --> 7 4 0
582 --> 7 4 1
583 --> 7 4 2
584 --> 7 4 3
585 --> 7 4 4
586 --> 7 4 5
587 --> 7 4 6
588 --> 7 4 7
589 --> 7 4 8
590 --> 7 4 9
591 --> 7 4 10
592 --> 7 5 0
593 --> 7 5 1
594 --> 7 5 2
595 --> 7 5 3
596 --> 7 5 4
597 --> 7 5 5
598 --> 7 5 6
599 --> 7 5 7
600 --> 7 5 8
601 --> 7 5 9
602 --> 7 5 10
603 --> 7 6 0
604 --> 7 6 1
605 --> 7 6 2
606 --> 7 6 3
607 --> 7 6 4
608 --> 7 6 5
609 --> 7 6 6
610 --> 7 6 7
611 --> 7 6 8
612 --> 7 6 9
613 --> 7 6 10
614 --> 7 7 0
615 --> 7 7 1
616 --> 7 7 2
617 --> 7 7 3
618 --> 7 7 4
619 --> 7 7 5
620 --> 7 7 6
621 --> 7 7 7
622 --> 7 7 8
623 --> 7 7 9
624 --> 7 7 10
625 --> 7 8 0
626 --> 7 8 1
627 --> 7 8 2
628 --> 7 8 3
629 --> 7 8 4
630 --> 7 8 5
631 --> 7 8 6
632 --> 7 8 7
633 --> 7 8 8
634 --> 7 8 9
635 --> 7 9 1
636 --> 7 9 2
637 --> 7 9 3
638 --> 7 9 4
639 --> 7 9 5
640 --> 7 9 6
641 --> 7 9 7
642 --> 7 9 8
643 --> 7 10 3
644 --> 7 10 4
645 --> 7 10 5
646 --> 7 10 6
647 --> 7 10 7
648 --> 8 1 2
649 --> 8 1 3
650 --> 8 1 4
651 --> 8 1 5
652 --> 8 1 6
653 --> 8 1 7
654 --> 8 1 8
655 --> 8 1 9
656 --> 8 2 0
657 --> 8 2 1
658 --> 8 2 2
659 --> 8 2 3
660 --> 8 2 4
661 --> 8 2 5
662 --> 8 2 6
663 --> 8 2 7
664 --> 8 2 8
665 --> 8 2 9
666 --> 8 3 0
667 --> 8 3 1
668 --> 8 3 2
669 --> 8 3 3
670 --> 8 3 4
671 --> 8 3 5
672 --> 8 3 6
673 --> 8 3 7
674 --> 8 3 8
675 --> 8 3 9
676 --> 8 4 0
677 --> 8 4 1
678 --> 8 4 2
679 --> 8 4 3
680 --> 8 4 4
681 --> 8 4 5
682 --> 8 4 6
683 --> 8 4 7
684 --> 8 4 8
685 --> 8 4 9
686 --> 8 4 10
687 --> 8 5 0
688 --> 8 5 1
689 --> 8 5 2
690 --> 8 5 3
691 --> 8 5 4
692 --> 8 5 5
693 --> 8 5 6
694 --> 8 5 7
695 --> 8 5 8
696 --> 8 5 9
697 --> 8 5 10
698 --> 8 6 0
699 --> 8 6 1
700 --> 8 6 2
701 --> 8 6 3
702 --> 8 6 4
703 --> 8 6 5
704 --> 8 6 6
705 --> 8 6 7
706 --> 8 6 8
707 --> 8 6 9
708 --> 8 6 10
709 --> 8 7 0
710 --> 8 7 1
711 --> 8 7 2
712 --> 8 7 3
713 --> 8 7 4
714 --> 8 7 5
715 --> 8 7 6
716 --> 8 7 7
717 --> 8 7 8
718 --> 8 7 9
719 --> 8 8 0
720 --> 8 8 1
721 --> 8 8 2
722 --> 8 8 3
723 --> 8 8 4
724 --> 8 8 5
725 --> 8 8 6
726 --> 8 8 7
727 --> 8 8 8
728 --> 8 8 9
729 --> 8 9 1
730 --> 8 9 2
731 --> 8 9 3
732 --> 8 9 4
733 --> 8 9 5
734 --> 8 9 6
735 --> 8 9 7
736 --> 8 9 8
737 --> 8 10 4
738 --> 8 10 5
739 --> 8 10 6
740 --> 9 1 2
741 --> 9 1 3
742 --> 9 1 4
743 --> 9 1 5
744 --> 9 1 6
745 --> 9 1 7
746 --> 9 1 8
747 --> 9 1 9
748 --> 9 2 0
749 --> 9 2 1
750 --> 9 2 2
751 --> 9 2 3
752 --> 9 2 4
753 --> 9 2 5
754 --> 9 2 6
755 --> 9 2 7
756 --> 9 2 8
757 --> 9 2 9
758 --> 9 2 10
759 --> 9 3 0
760 --> 9 3 1
761 --> 9 3 2
762 --> 9 3 3
763 --> 9 3 4
764 --> 9 3 5
765 --> 9 3 6
766 --> 9 3 7
767 --> 9 3 8
768 --> 9 3 9
769 --> 9 3 10
770 --> 9 4 0
771 --> 9 4 1
772 --> 9 4 2
773 --> 9 4 3
774 --> 9 4 4
775 --> 9 4 5
776 --> 9 4 6
777 --> 9 4 7
778 --> 9 4 8
779 --> 9 4 9
780 --> 9 4 10
781 --> 9 5 0
782 --> 9 5 1
783 --> 9 5 2
784 --> 9 5 3
785 --> 9 5 4
786 --> 9 5 5
787 --> 9 5 6
788 --> 9 5 7
789 --> 9 5 8
790 --> 9 5 9
791 --> 9 5 10
792 --> 9 6 0
793 --> 9 6 1
794 --> 9 6 2
795 --> 9 6 3
796 --> 9 6 4
797 --> 9 6 5
798 --> 9 6 6
799 --> 9 6 7
800 --> 9 6 8
801 --> 9 6 9
802 --> 9 6 10
803 --> 9 7 0
804 --> 9 7 1
805 --> 9 7 2
806 --> 9 7 3
807 --> 9 7 4
808 --> 9 7 5
809 --> 9 7 6
810 --> 9 7 7
811 --> 9 7 8
812 --> 9 7 9
813 --> 9 7 10
814 --> 9 8 0
815 --> 9 8 1
816 --> 9 8 2
817 --> 9 8 3
818 --> 9 8 4
819 --> 9 8 5
820 --> 9 8 6
821 --> 9 8 7
822 --> 9 8 8
823 --> 9 8 9
824 --> 9 8 10
825 --> 9 9 0
826 --> 9 9 1
827 --> 9 9 2
828 --> 9 9 3
829 --> 9 9 4
830 --> 9 9 5
831 --> 9 9 6
832 --> 9 9 7
833 --> 9 9 8
834 --> 9 9 9
835 --> 9 10 2
836 --> 9 10 3
837 --> 9 10 4
838 --> 9 10 5
839 --> 9 10 6
840 --> 9 10 7
841 --> 9 10 8
842 --> 10 1 2
843 --> 10 1 3
844 --> 10 1 4
845 --> 10 1 5
846 --> 10 1 6
847 --> 10 1 7
848 --> 10 1 8
849 --> 10 1 9
850 --> 10 2 0
851 --> 10 2 1
852 --> 10 2 2
853 --> 10 2 3
854 --> 10 2 4
855 --> 10 2 5
856 --> 10 2 6
857 --> 10 2 7
858 --> 10 2 8
859 --> 10 2 9
860 --> 10 3 0
861 --> 10 3 1
862 --> 10 3 2
863 --> 10 3 3
864 --> 10 3 4
865 --> 10 3 5
866 --> 10 3 6
867 --> 10 3 7
868 --> 10 3 8
869 --> 10 3 9
870 --> 10 3 10
871 --> 10 4 0
872 --> 10 4 1
873 --> 10 4 2
874 --> 10 4 3
875 --> 10 4 4
876 --> 10 4 5
877 --> 10 4 6
878 --> 10 4 7
879 --> 10 4 8
880 --> 10 4 9
881 --> 10 4 10
882 --> 10 5 0
883 --> 10 5 1
884 --> 10 5 2
885 --> 10 5 3
886 --> 10 5 4
887 --> 10 5 5
888 --> 10 5 6
889 --> 10 5 7
890 --> 10 5 8
891 --> 10 5 9
892 --> 10 5 10
893 --> 10 6 0
894 --> 10 6 1
895 --> 10 6 2
896 --> 10 6 3
897 --> 10 6 4
898 --> 10 6 5
899 --> 10 6 6
900 --> 10 6 7
901 --> 10 6 8
902 --> 10 6 9
903 --> 10 6 10
904 --> 10 7 0
905 --> 10 7 1
906 --> 10 7 2
907 --> 10 7 3
908 --> 10 7 4
909 --> 10 7 5
910 --> 10 7 6
911 --> 10 7 7
912 --> 10 7 8
913 --> 10 7 9
914 --> 10 7 10
915 --> 10 8 0
916 --> 10 8 1
917 --> 10 8 2
918 --> 10 8 3
919 --> 10 8 4
920 --> 10 8 5
921 --> 10 8 6
922 --> 10 8 7
923 --> 10 8 8
924 --> 10 8 9
925 --> 10 9 0
926 --> 10 9 1
927 --> 10 9 2
928 --> 10 9 3
929 --> 10 9 4
930 --> 10 9 5
931 --> 10 9 6
932 --> 10 9 7
933 --> 10 9 8
934 --> 10 9 9
935 --> 10 10 3
936 --> 10 10 4
937 --> 10 10 5
938 --> 10 10 6
939 --> 10 10 7
940 --> 11 1 2
941 --> 11 1 3
942 --> 11 1 4
943 --> 11 1 5
944 --> 11 1 6
945 --> 11 1 7
946 --> 11 1 8
947 --> 11 1 9
948 --> 11 2 0
949 --> 11 2 1
950 --> 11 2 2
951 --> 11 2 3
952 --> 11 2 4
953 --> 11 2 5
954 --> 11 2 6
955 --> 11 2 7
956 --> 11 2 8
957 --> 11 2 9
958 --> 11 2 10
959 --> 11 3 0
960 --> 11 3 1
961 --> 11 3 2
962 --> 11 3 3
963 --> 11 3 4
964 --> 11 3 5
965 --> 11 3 6
966 --> 11 3 7
967 --> 11 3 8
968 --> 11 3 9
969 --> 11 3 10
970 --> 11 4 0
971 --> 11 4 1
972 --> 11 4 2
973 --> 11 4 3
974 --> 11 4 4
975 --> 11 4 5
976 --> 11 4 6
977 --> 11 4 7
978 --> 11 4 8
979 --> 11 4 9
980 --> 11 4 10
981 --> 11 5 0
982 --> 11 5 1
983 --> 11 5 2
984 --> 11 5 3
985 --> 11 5 4
986 --> 11 5 5
987 --> 11 5 6
988 --> 11 5 7
989 --> 11 5 8
990 --> 11 5 9
991 --> 11 5 10
992 --> 11 6 0
993 --> 11 6 1
994 --> 11 6 2
995 --> 11 6 3
996 --> 11 6 4
997 --> 11 6 5
998 --> 11 6 6
999 --> 11 6 7
1000 --> 11 6 8
1001 --> 11 6 9
1002 --> 11 6 10
1003 --> 11 7 0
1004 --> 11 7 1
1005 --> 11 7 2
1006 --> 11 7 3
1007 --> 11 7 4
1008 --> 11 7 5
1009 --> 11 7 6
1010 --> 11 7 7
1011 --> 11 7 8
1012 --> 11 7 9
1013 --> 11 7 10
1014 --> 11 8 0
1015 --> 11 8 1
1016 --> 11 8 2
1017 --> 11 8 3
1018 --> 11 8 4
1019 --> 11 8 5
1020 --> 11 8 6
1021 --> 11 8 7
1022 --> 11 8 8
1023 --> 11 8 9
1024 --> 11 8 10
1025 --> 11 9 0
1026 --> 11 9 1
1027 --> 11 9 2
1028 --> 11 9 3
1029 --> 11 9 4
1030 --> 11 9 5
1031 --> 11 9 6
1032 --> 11 9 7
1033 --> 11 9 8
1034 --> 11 9 9
1035 --> 11 10 2
1036 --> 11 10 3
1037 --> 11 10 4
1038 --> 11 10 5
1039 --> 11 10 6
1040 --> 11 10 7
1041 --> 11 10 8
1042 --> 12 1 2
1043 --> 12 1 3
1044 --> 12 1 4
1045 --> 12 1 5
1046 --> 12 1 6
1047 --> 12 1 7
1048 --> 12 1 8
1049 --> 12 1 9
1050 --> 12 2 0
1051 --> 12 2 1
1052 --> 12 2 2
1053 --> 12 2 3
1054 --> 12 2 4
1055 --> 12 2 5
1056 --> 12 2 6
1057 --> 12 2 7
1058 --> 12 2 8
1059 --> 12 2 9
1060 --> 12 3 0
1061 --> 12 3 1
1062 --> 12 3 2
1063 --> 12 3 3
1064 --> 12 3 4
1065 --> 12 3 5
1066 --> 12 3 6
1067 --> 12 3 7
1068 --> 12 3 8
1069 --> 12 3 9
1070 --> 12 3 10
1071 --> 12 4 0
1072 --> 12 4 1
1073 --> 12 4 2
1074 --> 12 4 3
1075 --> 12 4 4
1076 --> 12 4 5
1077 --> 12 4 6
1078 --> 12 4 7
1079 --> 12 4 8
1080 --> 12 4 9
1081 --> 12 4 10
1082 --> 12 5 0
1083 --> 12 5 1
1084 --> 12 5 2
1085 --> 12 5 3
1086 --> 12 5 4
1087 --> 12 5 5
1088 --> 12 5 6
1089 --> 12 5 7
1090 --> 12 5 8
1091 --> 12 5 9
1092 --> 12 5 10
1093 --> 12 6 0
1094 --> 12 6 1
1095 --> 12 6 2
1096 --> 12 6 3
1097 --> 12 6 4
1098 --> 12 6 5
1099 --> 12 6 6
1100 --> 12 6 7
1101 --> 12 6 8
1102 --> 12 6 9
1103 --> 12 6 10
1104 --> 12 7 0
1105 --> 12 7 1
1106 --> 12 7 2
1107 --> 12 7 3
1108 --> 12 7 4
1109 --> 12 7 5
1110 --> 12 7 6
1111 --> 12 7 7
1112 --> 12 7 8
1113 --> 12 7 9
1114 --> 12 7 10
1115 --> 12 8 0
1116 --> 12 8 1
1117 --> 12 8 2
1118 --> 12 8 3
1119 --> 12 8 4
1120 --> 12 8 5
1121 --> 12 8 6
1122 --> 12 8 7
1123 --> 12 8 8
1124 --> 12 8 9
1125 --> 12 9 0
1126 --> 12 9 1
1127 --> 12 9 2
1128 --> 12 9 3
1129 --> 12 9 4
1130 --> 12 9 5
1131 --> 12 9 6
1132 --> 12 9 7
1133 --> 12 9 8
1134 --> 12 9 9
1135 --> 12 10 3
1136 --> 12 10 4
1137 --> 12 10 5
1138 --> 12 10 6
1139 --> 12 10 7
1140 --> 13 1 2
1141 --> 13 1 3
1142 --> 13 1 4
1143 --> 13 1 5
1144 --> 13 1 6
1145 --> 13 1 7
1146 --> 13 1 8
1147 --> 13 1 9
1148 --> 13 2 0
1149 --> 13 2 1
1150 --> 13 2 2
1151 --> 13 2 3
1152 --> 13 2 4
1153 --> 13 2 5
1154 --> 13 2 6
1155 --> 13 2 7
1156 --> 13 2 8
1157 --> 13 2 9
1158 --> 13 2 10
1159 --> 13 3 0
1160 --> 13 3 1
1161 --> 13 3 2
1162 --> 13 3 3
1163 --> 13 3 4
1164 --> 13 3 5
1165 --> 13 3 6
1166 --> 13 3 7
1167 --> 13 3 8
1168 --> 13 3 9
1169 --> 13 3 10
1170 --> 13 4 0
1171 --> 13 4 1
1172 --> 13 4 2
1173 --> 13 4 3
1174 --> 13 4 4
1175 --> 13 4 5
1176 --> 13 4 6
1177 --> 13 4 7
1178 --> 13 4 8
1179 --> 13 4 9
1180 --> 13 4 10
1181 --> 13 5 0
1182 --> 13 5 1
1183 --> 13 5 2
1184 --> 13 5 3
1185 --> 13 5 4
1186 --> 13 5 5
1187 --> 13 5 6
1188 --> 13 5 7
1189 --> 13 5 8
1190 --> 13 5 9
1191 --> 13 5 10
1192 --> 13 6 0
1193 --> 13 6 1
1194 --> 13 6 2
1195 --> 13 6 3
1196 --> 13 6 4
1197 --> 13 6 5
1198 --> 13 6 6
1199 --> 13 6 7
1200 --> 13 6 8
1201 --> 13 6 9
1202 --> 13 6 10
1203 --> 13 7 0
1204 --> 13 7 1
1205 --> 13 7 2
1206 --> 13 7 3
1207 --> 13 7 4
1208 --> 13 7 5
1209 --> 13 7 6
1210 --> 13 7 7
1211 --> 13 7 8
1212 --> 13 7 9
1213 --> 13 7 10
1214 --> 13 8 0
1215 --> 13 8 1
1216 --> 13 8 2
1217 --> 13 8 3
1218 --> 13 8 4
1219 --> 13 8 5
1220 --> 13 8 6
1221 --> 13 8 7
1222 --> 13 8 8
1223 --> 13 8 9
1224 --> 13 8 10
1225 --> 13 9 0
1226 --> 13 9 1
1227 --> 13 9 2
1228 --> 13 9 3
1229 --> 13 9 4
1230 --> 13 9 5
1231 --> 13 9 6
1232 --> 13 9 7
1233 --> 13 9 8
1234 --> 13 9 9
1235 --> 13 10 2
1236 --> 13 10 3
1237 --> 13 10 4
1238 --> 13 10 5
1239 --> 13 10 6
1240 --> 13 10 7
1241 --> 13 10 8
1242 --> 14 1 2
1243 --> 14 1 3
1244 --> 14 1 4
1245 --> 14 1 5
1246 --> 14 1 6
1247 --> 14 1 7
1248 --> 14 1 8
1249 --> 14 1 9
1250 --> 14 2 0
1251 --> 14 2 1
1252 --> 14 2 2
1253 --> 14 2 3
1254 --> 14 2 4
1255 --> 14 2 5
1256 --> 14 2 6
1257 --> 14 2 7
1258 --> 14 2 8
1259 --> 14 2 9
1260 --> 14 3 0
1261 --> 14 3 1
1262 --> 14 3 2
1263 --> 14 3 3
1264 --> 14 3 4
1265 --> 14 3 5
1266 --> 14 3 6
1267 --> 14 3 7
1268 --> 14 3 8
1269 --> 14 3 9
1270 --> 14 3 10
1271 --> 14 4 0
1272 --> 14 4 1
1273 --> 14 4 2
1274 --> 14 4 3
1275 --> 14 4 4
1276 --> 14 4 5
1277 --> 14 4 6
1278 --> 14 4 7
1279 --> 14 4 8
1280 --> 14 4 9
1281 --> 14 4 10
1282 --> 14 5 0
1283 --> 14 5 1
1284 --> 14 5 2
1285 --> 14 5 3
1286 --> 14 5 4
1287 --> 14 5 5
1288 --> 14 5 6
1289 --> 14 5 7
1290 --> 14 5 8
1291 --> 14 5 9
1292 --> 14 5 10
1293 --> 14 6 0
1294 --> 14 6 1
1295 --> 14 6 2
1296 --> 14 6 3
1297 --> 14 6 4
1298 --> 14 6 5
1299 --> 14 6 6
1300 --> 14 6 7
1301 --> 14 6 8
1302 --> 14 6 9
1303 --> 14 6 10
1304 --> 14 7 0
1305 --> 14 7 1
1306 --> 14 7 2
1307 --> 14 7 3
1308 --> 14 7 4
1309 --> 14 7 5
1310 --> 14 7 6
1311 --> 14 7 7
1312 --> 14 7 8
1313 --> 14 7 9
1314 --> 14 7 10
1315 --> 14 8 0
1316 --> 14 8 1
1317 --> 14 8 2
1318 --> 14 8 3
1319 --> 14 8 4
1320 --> 14 8 5
1321 --> 14 8 6
1322 --> 14 8 7
1323 --> 14 8 8
1324 --> 14 8 9
1325 --> 14 9 0
1326 --> 14 9 1
1327 --> 14 9 2
1328 --> 14 9 3
1329 --> 14 9 4
1330 --> 14 9 5
1331 --> 14 9 6
1332 --> 14 9 7
1333 --> 14 9 8
1334 --> 14 9 9
1335 --> 14 10 3
1336 --> 14 10 4
1337 --> 14 10 5
1338 --> 14 10 6
1339 --> 14 10 7
1340 --> 15 1 2
1341 --> 15 1 3
1342 --> 15 1 4
1343 --> 15 1 5
1344 --> 15 1 6
1345 --> 15 1 7
1346 --> 15 1 8
1347 --> 15 1 9
1348 --> 15 2 0
1349 --> 15 2 1
1350 --> 15 2 2
1351 --> 15 2 3
1352 --> 15 2 4
1353 --> 15 2 5
1354 --> 15 2 6
1355 --> 15 2 7
1356 --> 15 2 8
1357 --> 15 2 9
1358 --> 15 2 10
1359 --> 15 3 0
1360 --> 15 3 1
1361 --> 15 3 2
1362 --> 15 3 3
1363 --> 15 3 4
1364 --> 15 3 5
1365 --> 15 3 6
1366 --> 15 3 7
1367 --> 15 3 8
1368 --> 15 3 9
1369 --> 15 3 10
1370 --> 15 4 0
1371 --> 15 4 1
1372 --> 15 4 2
1373 --> 15 4 3
1374 --> 15 4 4
1375 --> 15 4 5
1376 --> 15 4 6
1377 --> 15 4 7
1378 --> 15 4 8
1379 --> 15 4 9
1380 --> 15 4 10
1381 --> 15 5 0
1382 --> 15 5 1
1383 --> 15 5 2
1384 --> 15 5 3
1385 --> 15 5 4
1386 --> 15 5 5
1387 --> 15 5 6
1388 --> 15 5 7
1389 --> 15 5 8
1390 --> 15 5 9
1391 --> 15 5 10
1392 --> 15 6 0
1393 --> 15 6 1
1394 --> 15 6 2
1395 --> 15 6 3
1396 --> 15 6 4
1397 --> 15 6 5
1398 --> 15 6 6
1399 --> 15 6 7
1400 --> 15 6 8
1401 --> 15 6 9
1402 --> 15 6 10
1403 --> 15 7 0
1404 --> 15 7 1
1405 --> 15 7 2
1406 --> 15 7 3
1407 --> 15 7 4
1408 --> 15 7 5
1409 --> 15 7 6
1410 --> 15 7 7
1411 --> 15 7 8
1412 --> 15 7 9
1413 --> 15 7 10
1414 --> 15 8 0
1415 --> 15 8 1
1416 --> 15 8 2
1417 --> 15 8 3
1418 --> 15 8 4
1419 --> 15 8 5
1420 --> 15 8 6
1421 --> 15 8 7
1422 --> 15 8 8
1423 --> 15 8 9
1424 --> 15 8 10
1425 --> 15 9 0
1426 --> 15 9 1
1427 --> 15 9 2
1428 --> 15 9 3
1429 --> 15 9 4
1430 --> 15 9 5
1431 --> 15 9 6
1432 --> 15 9 7
1433 --> 15 9 8
1434 --> 15 9 9
1435 --> 15 10 2
1436 --> 15 10 3
1437 --> 15 10 4
1438 --> 15 10 5
1439 --> 15 10 6
1440 --> 15 10 7
1441 --> 15 10 8
1442 --> 16 1 2
1443 --> 16 1 3
1444 --> 16 1 4
1445 --> 16 1 5
1446 --> 16 1 6
1447 --> 16 1 7
1448 --> 16 1 8
1449 --> 16 1 9
1450 --> 16 2 0
1451 --> 16 2 1
1452 --> 16 2 2
1453 --> 16 2 3
1454 --> 16 2 4
1455 --> 16 2 5
1456 --> 16 2 6
1457 --> 16 2 7
1458 --> 16 2 8
1459 --> 16 2 9
1460 --> 16 2 10
1461 --> 16 3 0
1462 --> 16 3 1
1463 --> 16 3 2
1464 --> 16 3 3
1465 --> 16 3 4
1466 --> 16 3 5
1467 --> 16 3 6
1468 --> 16 3 7
1469 --> 16 3 8
1470 --> 16 3 9
1471 --> 16 3 10
1472 --> 16 4 0
1473 --> 16 4 1
1474 --> 16 4 2
1475 --> 16 4 3
1476 --> 16 4 4
1477 --> 16 4 5
1478 --> 16 4 6
1479 --> 16 4 7
1480 --> 16 4 8
1481 --> 16 4 9
1482 --> 16 4 10
1483 --> 16 5 0
1484 --> 16 5 1
1485 --> 16 5 2
1486 --> 16 5 3
1487 --> 16 5 4
1488 --> 16 5 5
1489 --> 16 5 6
1490 --> 16 5 7
1491 --> 16 5 8
1492 --> 16 5 9
1493 --> 16 5 10
1494 --> 16 6 0
1495 --> 16 6 1
1496 --> 16 6 2
1497 --> 16 6 3
1498 --> 16 6 4
1499 --> 16 6 5
1500 --> 16 6 6
1501 --> 16 6 7
1502 --> 16 6 8
1503 --> 16 6 9
1504 --> 16 6 10
1505 --> 16 7 0
1506 --> 16 7 1
1507 --> 16 7 2
1508 --> 16 7 3
1509 --> 16 7 4
1510 --> 16 7 5
1511 --> 16 7 6
1512 --> 16 7 7
1513 --> 16 7 8
1514 --> 16 7 9
1515 --> 16 7 10
1516 --> 16 8 0
1517 --> 16 8 1
1518 --> 16 8 2
1519 --> 16 8 3
1520 --> 16 8 4
1521 --> 16 8 5
1522 --> 16 8 6
1523 --> 16 8 7
1524 --> 16 8 8
1525 --> 16 8 9
1526 --> 16 8 10
1527 --> 16 9 0
1528 --> 16 9 1
1529 --> 16 9 2
1530 --> 16 9 3
1531 --> 16 9 4
1532 --> 16 9 5
1533 --> 16 9 6
1534 --> 16 9 7
1535 --> 16 9 8
1536 --> 16 9 9
1537 --> 16 10 2
1538 --> 16 10 3
1539 --> 16 10 4
1540 --> 16 10 5
1541 --> 16 10 6
1542 --> 16 10 7
1543 --> 16 10 8
1544 --> 17 1 2
1545 --> 17 1 3
1546 --> 17 1 4
1547 --> 17 1 5
1548 --> 17 1 6
1549 --> 17 1 7
1550 --> 17 1 8
1551 --> 17 1 9
1552 --> 17 2 0
1553 --> 17 2 1
1554 --> 17 2 2
1555 --> 17 2 3
1556 --> 17 2 4
1557 --> 17 2 5
1558 --> 17 2 6
1559 --> 17 2 7
1560 --> 17 2 8
1561 --> 17 2 9
1562 --> 17 2 10
1563 --> 17 3 0
1564 --> 17 3 1
1565 --> 17 3 2
1566 --> 17 3 3
1567 --> 17 3 4
1568 --> 17 3 5
1569 --> 17 3 6
1570 --> 17 3 7
1571 --> 17 3 8
1572 --> 17 3 9
1573 --> 17 3 10
1574 --> 17 4 0
1575 --> 17 4 1
1576 --> 17 4 2
1577 --> 17 4 3
1578 --> 17 4 4
1579 --> 17 4 5
1580 --> 17 4 6
1581 --> 17 4 7
1582 --> 17 4 8
1583 --> 17 4 9
1584 --> 17 4 10
1585 --> 17 5 0
1586 --> 17 5 1
1587 --> 17 5 2
1588 --> 17 5 3
1589 --> 17 5 4
1590 --> 17 5 5
1591 --> 17 5 6
1592 --> 17 5 7
1593 --> 17 5 8
1594 --> 17 5 9
1595 --> 17 5 10
1596 --> 17 6 0
1597 --> 17 6 1
1598 --> 17 6 2
1599 --> 17 6 3
1600 --> 17 6 4
1601 --> 17 6 5
1602 --> 17 6 6
1603 --> 17 6 7
1604 --> 17 6 8
1605 --> 17 6 9
1606 --> 17 6 10
1607 --> 17 7 0
1608 --> 17 7 1
1609 --> 17 7 2
1610 --> 17 7 3
1611 --> 17 7 4
1612 --> 17 7 5
1613 --> 17 7 6
1614 --> 17 7 7
1615 --> 17 7 8
1616 --> 17 7 9
1617 --> 17 7 10
1618 --> 17 8 0
1619 --> 17 8 1
1620 --> 17 8 2
1621 --> 17 8 3
1622 --> 17 8 4
1623 --> 17 8 5
1624 --> 17 8 6
1625 --> 17 8 7
1626 --> 17 8 8
1627 --> 17 8 9
1628 --> 17 8 10
1629 --> 17 9 0
1630 --> 17 9 1
1631 --> 17 9 2
1632 --> 17 9 3
1633 --> 17 9 4
1634 --> 17 9 5
1635 --> 17 9 6
1636 --> 17 9 7
1637 --> 17 9 8
1638 --> 17 9 9
1639 --> 17 10 2
1640 --> 17 10 3
1641 --> 17 10 4
1642 --> 17 10 5
1643 --> 17 10 6
1644 --> 17 10 7
1645 --> 17 10 8
1646 --> 18 1 2
1647 --> 18 1 3
1648 --> 18 1 4
1649 --> 18 1 5
1650 --> 18 1 6
1651 --> 18 1 7
1652 --> 18 1 8
1653 --> 18 1 9
1654 --> 18 2 0
1655 --> 18 2 1
1656 --> 18 2 2
1657 --> 18 2 3
1658 --> 18 2 4
1659 --> 18 2 5
1660 --> 18 2 6
1661 --> 18 2 7
1662 --> 18 2 8
1663 --> 18 2 9
1664 --> 18 2 10
1665 --> 18 3 0
1666 --> 18 3 1
1667 --> 18 3 2
1668 --> 18 3 3
1669 --> 18 3 4
1670 --> 18 3 5
1671 --> 18 3 6
1672 --> 18 3 7
1673 --> 18 3 8
1674 --> 18 3 9
1675 --> 18 3 10
1676 --> 18 4 0
1677 --> 18 4 1
1678 --> 18 4 2
1679 --> 18 4 3
1680 --> 18 4 4
1681 --> 18 4 5
1682 --> 18 4 6
1683 --> 18 4 7
1684 --> 18 4 8
1685 --> 18 4 9
1686 --> 18 4 10
1687 --> 18 5 0
1688 --> 18 5 1
1689 --> 18 5 2
1690 --> 18 5 3
1691 --> 18 5 4
1692 --> 18 5 5
1693 --> 18 5 6
1694 --> 18 5 7
1695 --> 18 5 8
1696 --> 18 5 9
1697 --> 18 5 10
1698 --> 18 6 0
1699 --> 18 6 1
1700 --> 18 6 2
1701 --> 18 6 3
1702 --> 18 6 4
1703 --> 18 6 5
1704 --> 18 6 6
1705 --> 18 6 7
1706 --> 18 6 8
1707 --> 18 6 9
1708 --> 18 6 10
1709 --> 18 7 0
1710 --> 18 7 1
1711 --> 18 7 2
1712 --> 18 7 3
1713 --> 18 7 4
1714 --> 18 7 5
1715 --> 18 7 6
1716 --> 18 7 7
1717 --> 18 7 8
1718 --> 18 7 9
1719 --> 18 7 10
1720 --> 18 8 0
1721 --> 18 8 1
1722 --> 18 8 2
1723 --> 18 8 3
1724 --> 18 8 4
1725 --> 18 8 5
1726 --> 18 8 6
1727 --> 18 8 7
1728 --> 18 8 8
1729 --> 18 8 9
1730 --> 18 8 10
1731 --> 18 9 0
1732 --> 18 9 1
1733 --> 18 9 2
1734 --> 18 9 3
1735 --> 18 9 4
1736 --> 18 9 5
1737 --> 18 9 6
1738 --> 18 9 7
1739 --> 18 9 8
1740 --> 18 9 9
1741 --> 18 10 2
1742 --> 18 10 3
1743 --> 18 10 4
1744 --> 18 10 5
1745 --> 18 10 6
1746 --> 18 10 7
1747 --> 18 10 8
1748 --> 19 1 2
1749 --> 19 1 3
1750 --> 19 1 4
1751 --> 19 1 5
1752 --> 19 1 6
1753 --> 19 1 7
1754 --> 19 1 8
1755 --> 19 1 9
1756 --> 19 2 0
1757 --> 19 2 1
1758 --> 19 2 2
1759 --> 19 2 3
1760 --> 19 2 4
1761 --> 19 2 5
1762 --> 19 2 6
1763 --> 19 2 7
1764 --> 19 2 8
1765 --> 19 2 9
1766 --> 19 2 10
1767 --> 19 3 0
1768 --> 19 3 1
1769 --> 19 3 2
1770 --> 19 3 3
1771 --> 19 3 4
1772 --> 19 3 5
1773 --> 19 3 6
1774 --> 19 3 7
1775 --> 19 3 8
1776 --> 19 3 9
1777 --> 19 3 10
1778 --> 19 4 0
1779 --> 19 4 1
1780 --> 19 4 2
1781 --> 19 4 3
1782 --> 19 4 4
1783 --> 19 4 5
1784 --> 19 4 6
1785 --> 19 4 7
1786 --> 19 4 8
1787 --> 19 4 9
1788 --> 19 4 10
1789 --> 19 5 0
1790 --> 19 5 1
1791 --> 19 5 2
1792 --> 19 5 3
1793 --> 19 5 4
1794 --> 19 5 5
1795 --> 19 5 6
1796 --> 19 5 7
1797 --> 19 5 8
1798 --> 19 5 9
1799 --> 19 5 10
1800 --> 19 6 0
1801 --> 19 6 1
1802 --> 19 6 2
1803 --> 19 6 3
1804 --> 19 6 4
1805 --> 19 6 5
1806 --> 19 6 6
1807 --> 19 6 7
1808 --> 19 6 8
1809 --> 19 6 9
1810 --> 19 6 10
1811 --> 19 7 0
1812 --> 19 7 1
1813 --> 19 7 2
1814 --> 19 7 3
1815 --> 19 7 4
1816 --> 19 7 5
1817 --> 19 7 6
1818 --> 19 7 7
1819 --> 19 7 8
1820 --> 19 7 9
1821 --> 19 7 10
1822 --> 19 8 0
1823 --> 19 8 1
1824 --> 19 8 2
1825 --> 19 8 3
1826 --> 19 8 4
1827 --> 19 8 5
1828 --> 19 8 6
1829 --> 19 8 7
1830 --> 19 8 8
1831 --> 19 8 9
1832 --> 19 8 10
1833 --> 19 9 0
1834 --> 19 9 1
1835 --> 19 9 2
1836 --> 19 9 3
1837 --> 19 9 4
1838 --> 19 9 5
1839 --> 19 9 6
1840 --> 19 9 7
1841 --> 19 9 8
1842 --> 19 9 9
1843 --> 19 10 2
1844 --> 19 10 3
1845 --> 19 10 4
1846 --> 19 10 5
1847 --> 19 10 6
1848 --> 19 10 7
1849 --> 19 10 8
1850 --> 20 1 2
1851 --> 20 1 3
1852 --> 20 1 4
1853 --> 20 1 5
1854 --> 20 1 6
1855 --> 20 1 7
1856 --> 20 1 8
1857 --> 20 1 9
1858 --> 20 2 0
1859 --> 20 2 1
1860 --> 20 2 2
1861 --> 20 2 3
1862 --> 20 2 4
1863 --> 20 2 5
1864 --> 20 2 6
1865 --> 20 2 7
1866 --> 20 2 8
1867 --> 20 2 9
1868 --> 20 2 10
1869 --> 20 3 0
1870 --> 20 3 1
1871 --> 20 3 2
1872 --> 20 3 3
1873 --> 20 3 4
1874 --> 20 3 5
1875 --> 20 3 6
1876 --> 20 3 7
1877 --> 20 3 8
1878 --> 20 3 9
1879 --> 20 3 10
1880 --> 20 4 0
1881 --> 20 4 1
1882 --> 20 4 2
1883 --> 20 4 3
1884 --> 20 4 4
1885 --> 20 4 5
1886 --> 20 4 6
1887 --> 20 4 7
1888 --> 20 4 8
1889 --> 20 4 9
1890 --> 20 4 10
1891 --> 20 5 0
1892 --> 20 5 1
1893 --> 20 5 2
1894 --> 20 5 3
1895 --> 20 5 4
1896 --> 20 5 5
1897 --> 20 5 6
1898 --> 20 5 7
1899 --> 20 5 8
1900 --> 20 5 9
1901 --> 20 5 10
1902 --> 20 6 0
1903 --> 20 6 1
1904 --> 20 6 2
1905 --> 20 6 3
1906 --> 20 6 4
1907 --> 20 6 5
1908 --> 20 6 6
1909 --> 20 6 7
1910 --> 20 6 8
1911 --> 20 6 9
1912 --> 20 6 10
1913 --> 20 7 0
1914 --> 20 7 1
1915 --> 20 7 2
1916 --> 20 7 3
1917 --> 20 7 4
1918 --> 20 7 5
1919 --> 20 7 6
1920 --> 20 7 7
1921 --> 20 7 8
1922 --> 20 7 9
1923 --> 20 7 10
1924 --> 20 8 0
1925 --> 20 8 1
1926 --> 20 8 2
1927 --> 20 8 3
1928 --> 20 8 4
1929 --> 20 8 5
1930 --> 20 8 6
1931 --> 20 8 7
1932 --> 20 8 8
1933 --> 20 8 9
1934 --> 20 8 10
1935 --> 20 9 0
1936 --> 20 9 1
1937 --> 20 9 2
1938 --> 20 9 3
1939 --> 20 9 4
1940 --> 20 9 5
1941 --> 20 9 6
1942 --> 20 9 7
1943 --> 20 9 8
1944 --> 20 9 9
1945 --> 20 10 2
1946 --> 20 10 3
1947 --> 20 10 4
1948 --> 20 10 5
1949 --> 20 10 6
1950 --> 20 10 7
1951 --> 20 10 8
1952 --> 21 1 2
1953 --> 21 1 3
1954 --> 21 1 4
1955 --> 21 1 5
1956 --> 21 1 6
1957 --> 21 1 7
1958 --> 21 1 8
1959 --> 21 1 9
1960 --> 21 2 0
1961 --> 21 2 1
1962 --> 21 2 2
1963 --> 21 2 3
1964 --> 21 2 4
1965 --> 21 2 5
1966 --> 21 2 6
1967 --> 21 2 7
1968 --> 21 2 8
1969 --> 21 2 9
1970 --> 21 2 10
1971 --> 21 3 0
1972 --> 21 3 1
1973 --> 21 3 2
1974 --> 21 3 3
1975 --> 21 3 4
1976 --> 21 3 5
1977 --> 21 3 6
1978 --> 21 3 7
1979 --> 21 3 8
1980 --> 21 3 9
1981 --> 21 3 10
1982 --> 21 4 0
1983 --> 21 4 1
1984 --> 21 4 2
1985 --> 21 4 3
1986 --> 21 4 4
1987 --> 21 4 5
1988 --> 21 4 6
1989 --> 21 4 7
1990 --> 21 4 8
1991 --> 21 4 9
1992 --> 21 4 10
1993 --> 21 5 0
1994 --> 21 5 1
1995 --> 21 5 2
1996 --> 21 5 3
1997 --> 21 5 4
1998 --> 21 5 5
1999 --> 21 5 6
2000 --> 21 5 7
2001 --> 21 5 8
2002 --> 21 5 9
2003 --> 21 5 10
2004 --> 21 6 0
2005 --> 21 6 1
2006 --> 21 6 2
2007 --> 21 6 3
2008 --> 21 6 4
2009 --> 21 6 5
2010 --> 21 6 6
2011 --> 21 6 7
2012 --> 21 6 8
2013 --> 21 6 9
2014 --> 21 6 10
2015 --> 21 7 0
2016 --> 21 7 1
2017 --> 21 7 2
2018 --> 21 7 3
2019 --> 21 7 4
2020 --> 21 7 5
2021 --> 21 7 6
2022 --> 21 7 7
2023 --> 21 7 8
2024 --> 21 7 9
2025 --> 21 7 10
2026 --> 21 8 0
2027 --> 21 8 1
2028 --> 21 8 2
2029 --> 21 8 3
2030 --> 21 8 4
2031 --> 21 8 5
2032 --> 21 8 6
2033 --> 21 8 7
2034 --> 21 8 8
2035 --> 21 8 9
2036 --> 21 8 10
2037 --> 21 9 0
2038 --> 21 9 1
2039 --> 21 9 2
2040 --> 21 9 3
2041 --> 21 9 4
2042 --> 21 9 5
2043 --> 21 9 6
2044 --> 21 9 7
2045 --> 21 9 8
2046 --> 21 9 9
2047 --> 21 9 10
2048 --> 21 10 1
2049 --> 21 10 2
2050 --> 21 10 3
2051 --> 21 10 4
2052 --> 21 10 5
2053 --> 21 10 6
2054 --> 21 10 7
2055 --> 21 10 8
2056 --> 22 1 2
2057 --> 22 1 3
2058 --> 22 1 4
2059 --> 22 1 5
2060 --> 22 1 6
2061 --> 22 1 7
2062 --> 22 1 8
2063 --> 22 1 9
2064 --> 22 2 0
2065 --> 22 2 1
2066 --> 22 2 2
2067 --> 22 2 3
2068 --> 22 2 4
2069 --> 22 2 5
2070 --> 22 2 6
2071 --> 22 2 7
2072 --> 22 2 8
2073 --> 22 2 9
2074 --> 22 2 10
2075 --> 22 3 0
2076 --> 22 3 1
2077 --> 22 3 2
2078 --> 22 3 3
2079 --> 22 3 4
2080 --> 22 3 5
2081 --> 22 3 6
2082 --> 22 3 7
2083 --> 22 3 8
2084 --> 22 3 9
2085 --> 22 3 10
2086 --> 22 4 0
2087 --> 22 4 1
2088 --> 22 4 2
2089 --> 22 4 3
2090 --> 22 4 4
2091 --> 22 4 5
2092 --> 22 4 6
2093 --> 22 4 7
2094 --> 22 4 8
2095 --> 22 4 9
2096 --> 22 4 10
2097 --> 22 5 0
2098 --> 22 5 1
2099 --> 22 5 2
2100 --> 22 5 3
2101 --> 22 5 4
2102 --> 22 5 5
2103 --> 22 5 6
2104 --> 22 5 7
2105 --> 22 5 8
2106 --> 22 5 9
2107 --> 22 5 10
2108 --> 22 6 0
2109 --> 22 6 1
2110 --> 22 6 2
2111 --> 22 6 3
2112 --> 22 6 4
2113 --> 22 6 5
2114 --> 22 6 6
2115 --> 22 6 7
2116 --> 22 6 8
2117 --> 22 6 9
2118 --> 22 6 10
2119 --> 22 7 0
2120 --> 22 7 1
2121 --> 22 7 2
2122 --> 22 7 3
2123 --> 22 7 4
2124 --> 22 7 5
2125 --> 22 7 6
2126 --> 22 7 7
2127 --> 22 7 8
2128 --> 22 7 9
2129 --> 22 7 10
2130 --> 22 8 0
2131 --> 22 8 1
2132 --> 22 8 2
2133 --> 22 8 3
2134 --> 22 8 4
2135 --> 22 8 5
2136 --> 22 8 6
2137 --> 22 8 7
2138 --> 22 8 8
2139 --> 22 8 9
2140 --> 22 8 10
2141 --> 22 9 0
2142 --> 22 9 1
2143 --> 22 9 2
2144 --> 22 9 3
2145 --> 22 9 4
2146 --> 22 9 5
2147 --> 22 9 6
2148 --> 22 9 7
2149 --> 22 9 8
2150 --> 22 9 9
2151 --> 22 10 2
2152 --> 22 10 3
2153 --> 22 10 4
2154 --> 22 10 5
2155 --> 22 10 6
2156 --> 22 10 7
2157 --> 22 10 8
2158 --> 23 1 2
2159 --> 23 1 3
2160 --> 23 1 4
2161 --> 23 1 5
2162 --> 23 1 6
2163 --> 23 1 7
2164 --> 23 1 8
2165 --> 23 1 9
2166 --> 23 2 0
2167 --> 23 2 1
2168 --> 23 2 2
2169 --> 23 2 3
2170 --> 23 2 4
2171 --> 23 2 5
2172 --> 23 2 6
2173 --> 23 2 7
2174 --> 23 2 8
2175 --> 23 2 9
2176 --> 23 2 10
2177 --> 23 3 0
2178 --> 23 3 1
2179 --> 23 3 2
2180 --> 23 3 3
2181 --> 23 3 4
2182 --> 23 3 5
2183 --> 23 3 6
2184 --> 23 3 7
2185 --> 23 3 8
2186 --> 23 3 9
2187 --> 23 3 10
2188 --> 23 4 0
2189 --> 23 4 1
2190 --> 23 4 2
2191 --> 23 4 3
2192 --> 23 4 4
2193 --> 23 4 5
2194 --> 23 4 6
2195 --> 23 4 7
2196 --> 23 4 8
2197 --> 23 4 9
2198 --> 23 4 10
2199 --> 23 5 0
2200 --> 23 5 1
2201 --> 23 5 2
2202 --> 23 5 3
2203 --> 23 5 4
2204 --> 23 5 5
2205 --> 23 5 6
2206 --> 23 5 7
2207 --> 23 5 8
2208 --> 23 5 9
2209 --> 23 5 10
2210 --> 23 6 0
2211 --> 23 6 1
2212 --> 23 6 2
2213 --> 23 6 3
2214 --> 23 6 4
2215 --> 23 6 5
2216 --> 23 6 6
2217 --> 23 6 7
2218 --> 23 6 8
2219 --> 23 6 9
2220 --> 23 6 10
2221 --> 23 7 0
2222 --> 23 7 1
2223 --> 23 7 2
2224 --> 23 7 3
2225 --> 23 7 4
2226 --> 23 7 5
2227 --> 23 7 6
2228 --> 23 7 7
2229 --> 23 7 8
2230 --> 23 7 9
2231 --> 23 7 10
2232 --> 23 8 0
2233 --> 23 8 1
2234 --> 23 8 2
2235 --> 23 8 3
2236 --> 23 8 4
2237 --> 23 8 5
2238 --> 23 8 6
2239 --> 23 8 7
2240 --> 23 8 8
2241 --> 23 8 9
2242 --> 23 8 10
2243 --> 23 9 0
2244 --> 23 9 1
2245 --> 23 9 2
2246 --> 23 9 3
2247 --> 23 9 4
2248 --> 23 9 5
2249 --> 23 9 6
2250 --> 23 9 7
2251 --> 23 9 8
2252 --> 23 9 9
2253 --> 23 9 10
2254 --> 23 10 1
2255 --> 23 10 2
2256 --> 23 10 3
2257 --> 23 10 4
2258 --> 23 10 5
2259 --> 23 10 6
2260 --> 23 10 7
2261 --> 23 10 8
2262 --> 24 1 2
2263 --> 24 1 3
2264 --> 24 1 4
2265 --> 24 1 5
2266 --> 24 1 6
2267 --> 24 1 7
2268 --> 24 1 8
2269 --> 24 1 9
2270 --> 24 1 10
2271 --> 24 2 0
2272 --> 24 2 1
2273 --> 24 2 2
2274 --> 24 2 3
2275 --> 24 2 4
2276 --> 24 2 5
2277 --> 24 2 6
2278 --> 24 2 7
2279 --> 24 2 8
2280 --> 24 2 9
2281 --> 24 2 10
2282 --> 24 3 0
2283 --> 24 3 1
2284 --> 24 3 2
2285 --> 24 3 3
2286 --> 24 3 4
2287 --> 24 3 5
2288 --> 24 3 6
2289 --> 24 3 7
2290 --> 24 3 8
2291 --> 24 3 9
2292 --> 24 3 10
2293 --> 24 4 0
2294 --> 24 4 1
2295 --> 24 4 2
2296 --> 24 4 3
2297 --> 24 4 4
2298 --> 24 4 5
2299 --> 24 4 6
2300 --> 24 4 7
2301 --> 24 4 8
2302 --> 24 4 9
2303 --> 24 4 10
2304 --> 24 5 0
2305 --> 24 5 1
2306 --> 24 5 2
2307 --> 24 5 3
2308 --> 24 5 4
2309 --> 24 5 5
2310 --> 24 5 6
2311 --> 24 5 7
2312 --> 24 5 8
2313 --> 24 5 9
2314 --> 24 5 10
2315 --> 24 6 0
2316 --> 24 6 1
2317 --> 24 6 2
2318 --> 24 6 3
2319 --> 24 6 4
2320 --> 24 6 5
2321 --> 24 6 6
2322 --> 24 6 7
2323 --> 24 6 8
2324 --> 24 6 9
2325 --> 24 6 10
2326 --> 24 7 0
2327 --> 24 7 1
2328 --> 24 7 2
2329 --> 24 7 3
2330 --> 24 7 4
2331 --> 24 7 5
2332 --> 24 7 6
2333 --> 24 7 7
2334 --> 24 7 8
2335 --> 24 7 9
2336 --> 24 7 10
2337 --> 24 8 0
2338 --> 24 8 1
2339 --> 24 8 2
2340 --> 24 8 3
2341 --> 24 8 4
2342 --> 24 8 5
2343 --> 24 8 6
2344 --> 24 8 7
2345 --> 24 8 8
2346 --> 24 8 9
2347 --> 24 8 10
2348 --> 24 9 0
2349 --> 24 9 1
2350 --> 24 9 2
2351 --> 24 9 3
2352 --> 24 9 4
2353 --> 24 9 5
2354 --> 24 9 6
2355 --> 24 9 7
2356 --> 24 9 8
2357 --> 24 9 9
2358 --> 24 9 10
2359 --> 24 10 1
2360 --> 24 10 2
2361 --> 24 10 3
2362 --> 24 10 4
2363 --> 24 10 5
2364 --> 24 10 6
2365 --> 24 10 7
2366 --> 24 10 8
2367 --> 24 10 9
2368 --> 25 1 2
2369 --> 25 1 3
2370 --> 25 1 4
2371 --> 25 1 5
2372 --> 25 1 6
2373 --> 25 1 7
2374 --> 25 1 8
2375 --> 25 1 9
2376 --> 25 2 0
2377 --> 25 2 1
2378 --> 25 2 2
2379 --> 25 2 3
2380 --> 25 2 4
2381 --> 25 2 5
2382 --> 25 2 6
2383 --> 25 2 7
2384 --> 25 2 8
2385 --> 25 2 9
2386 --> 25 2 10
2387 --> 25 3 0
2388 --> 25 3 1
2389 --> 25 3 2
2390 --> 25 3 3
2391 --> 25 3 4
2392 --> 25 3 5
2393 --> 25 3 6
2394 --> 25 3 7
2395 --> 25 3 8
2396 --> 25 3 9
2397 --> 25 3 10
2398 --> 25 4 0
2399 --> 25 4 1
2400 --> 25 4 2
2401 --> 25 4 3
2402 --> 25 4 4
2403 --> 25 4 5
2404 --> 25 4 6
2405 --> 25 4 7
2406 --> 25 4 8
2407 --> 25 4 9
2408 --> 25 4 10
2409 --> 25 4 11
2410 --> 25 5 0
2411 --> 25 5 1
2412 --> 25 5 2
2413 --> 25 5 3
2414 --> 25 5 4
2415 --> 25 5 5
2416 --> 25 5 6
2417 --> 25 5 7
2418 --> 25 5 8
2419 --> 25 5 9
2420 --> 25 5 10
2421 --> 25 6 0
2422 --> 25 6 1
2423 --> 25 6 2
2424 --> 25 6 3
2425 --> 25 6 4
2426 --> 25 6 5
2427 --> 25 6 6
2428 --> 25 6 7
2429 --> 25 6 8
2430 --> 25 6 9
2431 --> 25 6 10
2432 --> 25 7 0
2433 --> 25 7 1
2434 --> 25 7 2
2435 --> 25 7 3
2436 --> 25 7 4
2437 --> 25 7 5
2438 --> 25 7 6
2439 --> 25 7 7
2440 --> 25 7 8
2441 --> 25 7 9
2442 --> 25 7 10
2443 --> 25 7 11
2444 --> 25 8 0
2445 --> 25 8 1
2446 --> 25 8 2
2447 --> 25 8 3
2448 --> 25 8 4
2449 --> 25 8 5
2450 --> 25 8 6
2451 --> 25 8 7
2452 --> 25 8 8
2453 --> 25 8 9
2454 --> 25 8 10
2455 --> 25 9 0
2456 --> 25 9 1
2457 --> 25 9 2
2458 --> 25 9 3
2459 --> 25 9 4
2460 --> 25 9 5
2461 --> 25 9 6
2462 --> 25 9 7
2463 --> 25 9 8
2464 --> 25 9 9
2465 --> 25 9 10
2466 --> 25 10 1
2467 --> 25 10 2
2468 --> 25 10 3
2469 --> 25 10 4
2470 --> 25 10 5
2471 --> 25 10 6
2472 --> 25 10 7
2473 --> 25 10 8
2474 --> 25 11 4
2475 --> 25 11 7
2476 --> 26 1 2
2477 --> 26 1 3
2478 --> 26 1 4
2479 --> 26 1 5
2480 --> 26 1 6
2481 --> 26 1 7
2482 --> 26 1 8
2483 --> 26 1 9
2484 --> 26 1 10
2485 --> 26 2 0
2486 --> 26 2 1
2487 --> 26 2 2
2488 --> 26 2 3
2489 --> 26 2 4
2490 --> 26 2 5
2491 --> 26 2 6
2492 --> 26 2 7
2493 --> 26 2 8
2494 --> 26 2 9
2495 --> 26 2 10
2496 --> 26 3 0
2497 --> 26 3 1
2498 --> 26 3 2
2499 --> 26 3 3
2500 --> 26 3 4
2501 --> 26 3 5
2502 --> 26 3 6
2503 --> 26 3 7
2504 --> 26 3 8
2505 --> 26 3 9
2506 --> 26 3 10
2507 --> 26 4 0
2508 --> 26 4 1
2509 --> 26 4 2
2510 --> 26 4 3
2511 --> 26 4 4
2512 --> 26 4 5
2513 --> 26 4 6
2514 --> 26 4 7
2515 --> 26 4 8
2516 --> 26 4 9
2517 --> 26 4 10
2518 --> 26 5 0
2519 --> 26 5 1
2520 --> 26 5 2
2521 --> 26 5 3
2522 --> 26 5 4
2523 --> 26 5 5
2524 --> 26 5 6
2525 --> 26 5 7
2526 --> 26 5 8
2527 --> 26 5 9
2528 --> 26 5 10
2529 --> 26 6 0
2530 --> 26 6 1
2531 --> 26 6 2
2532 --> 26 6 3
2533 --> 26 6 4
2534 --> 26 6 5
2535 --> 26 6 6
2536 --> 26 6 7
2537 --> 26 6 8
2538 --> 26 6 9
2539 --> 26 6 10
2540 --> 26 7 0
2541 --> 26 7 1
2542 --> 26 7 2
2543 --> 26 7 3
2544 --> 26 7 4
2545 --> 26 7 5
2546 --> 26 7 6
2547 --> 26 7 7
2548 --> 26 7 8
2549 --> 26 7 9
2550 --> 26 7 10
2551 --> 26 8 0
2552 --> 26 8 1
2553 --> 26 8 2
2554 --> 26 8 3
2555 --> 26 8 4
2556 --> 26 8 5
2557 --> 26 8 6
2558 --> 26 8 7
2559 --> 26 8 8
2560 --> 26 8 9
2561 --> 26 8 10
2562 --> 26 9 0
2563 --> 26 9 1
2564 --> 26 9 2
2565 --> 26 9 3
2566 --> 26 9 4
2567 --> 26 9 5
2568 --> 26 9 6
2569 --> 26 9 7
2570 --> 26 9 8
2571 --> 26 9 9
2572 --> 26 9 10
2573 --> 26 10 1
2574 --> 26 10 2
2575 --> 26 10 3
2576 --> 26 10 4
2577 --> 26 10 5
2578 --> 26 10 6
2579 --> 26 10 7
2580 --> 26 10 8
2581 --> 26 10 9
2582 --> 27 1 3
2583 --> 27 1 4
2584 --> 27 1 5
2585 --> 27 1 6
2586 --> 27 1 7
2587 --> 27 1 8
2588 --> 27 1 9
2589 --> 27 2 0
2590 --> 27 2 2
2591 --> 27 2 3
2592 --> 27 2 4
2593 --> 27 2 5
2594 --> 27 2 6
2595 --> 27 2 7
2596 --> 27 2 8
2597 --> 27 2 9
2598 --> 27 2 10
2599 --> 27 3 0
2600 --> 27 3 1
2601 --> 27 3 2
2602 --> 27 3 3
2603 --> 27 3 4
2604 --> 27 3 5
2605 --> 27 3 6
2606 --> 27 3 7
2607 --> 27 3 8
2608 --> 27 3 9
2609 --> 27 3 10
2610 --> 27 4 0
2611 --> 27 4 1
2612 --> 27 4 2
2613 --> 27 4 3
2614 --> 27 4 4
2615 --> 27 4 5
2616 --> 27 4 6
2617 --> 27 4 7
2618 --> 27 4 8
2619 --> 27 4 9
2620 --> 27 4 10
2621 --> 27 4 11
2622 --> 27 5 0
2623 --> 27 5 1
2624 --> 27 5 2
2625 --> 27 5 3
2626 --> 27 5 4
2627 --> 27 5 5
2628 --> 27 5 6
2629 --> 27 5 7
2630 --> 27 5 8
2631 --> 27 5 9
2632 --> 27 5 10
2633 --> 27 5 11
2634 --> 27 6 0
2635 --> 27 6 1
2636 --> 27 6 2
2637 --> 27 6 3
2638 --> 27 6 4
2639 --> 27 6 5
2640 --> 27 6 6
2641 --> 27 6 7
2642 --> 27 6 8
2643 --> 27 6 9
2644 --> 27 6 10
2645 --> 27 6 11
2646 --> 27 7 0
2647 --> 27 7 1
2648 --> 27 7 2
2649 --> 27 7 3
2650 --> 27 7 4
2651 --> 27 7 5
2652 --> 27 7 6
2653 --> 27 7 7
2654 --> 27 7 8
2655 --> 27 7 9
2656 --> 27 7 10
2657 --> 27 7 11
2658 --> 27 8 0
2659 --> 27 8 1
2660 --> 27 8 2
2661 --> 27 8 3
2662 --> 27 8 4
2663 --> 27 8 5
2664 --> 27 8 6
2665 --> 27 8 7
2666 --> 27 8 8
2667 --> 27 8 9
2668 --> 27 8 10
2669 --> 27 9 0
2670 --> 27 9 1
2671 --> 27 9 2
2672 --> 27 9 3
2673 --> 27 9 4
2674 --> 27 9 5
2675 --> 27 9 6
2676 --> 27 9 7
2677 --> 27 9 8
2678 --> 27 9 9
2679 --> 27 9 10
2680 --> 27 10 1
2681 --> 27 10 2
2682 --> 27 10 3
2683 --> 27 10 4
2684 --> 27 10 5
2685 --> 27 10 6
2686 --> 27 10 7
2687 --> 27 10 8
2688 --> 27 11 4
2689 --> 27 11 5
2690 --> 27 11 6
2691 --> 27 11 7
2692 --> 28 1 3
2693 --> 28 1 4
2694 --> 28 1 5
2695 --> 28 1 6
2696 --> 28 1 7
2697 --> 28 1 8
2698 --> 28 1 9
2699 --> 28 1 10
2700 --> 28 2 0
2701 --> 28 2 2
2702 --> 28 2 3
2703 --> 28 2 4
2704 --> 28 2 5
2705 --> 28 2 6
2706 --> 28 2 7
2707 --> 28 2 8
2708 --> 28 2 9
2709 --> 28 2 10
2710 --> 28 3 0
2711 --> 28 3 1
2712 --> 28 3 2
2713 --> 28 3 3
2714 --> 28 3 4
2715 --> 28 3 5
2716 --> 28 3 6
2717 --> 28 3 7
2718 --> 28 3 8
2719 --> 28 3 9
2720 --> 28 3 10
2721 --> 28 3 11
2722 --> 28 4 0
2723 --> 28 4 1
2724 --> 28 4 2
2725 --> 28 4 3
2726 --> 28 4 4
2727 --> 28 4 5
2728 --> 28 4 6
2729 --> 28 4 7
2730 --> 28 4 8
2731 --> 28 4 9
2732 --> 28 4 10
2733 --> 28 4 11
2734 --> 28 5 0
2735 --> 28 5 1
2736 --> 28 5 2
2737 --> 28 5 3
2738 --> 28 5 4
2739 --> 28 5 5
2740 --> 28 5 6
2741 --> 28 5 7
2742 --> 28 5 8
2743 --> 28 5 9
2744 --> 28 5 10
2745 --> 28 5 11
2746 --> 28 6 0
2747 --> 28 6 1
2748 --> 28 6 2
2749 --> 28 6 3
2750 --> 28 6 4
2751 --> 28 6 5
2752 --> 28 6 6
2753 --> 28 6 7
2754 --> 28 6 8
2755 --> 28 6 9
2756 --> 28 6 10
2757 --> 28 6 11
2758 --> 28 7 0
2759 --> 28 7 1
2760 --> 28 7 2
2761 --> 28 7 3
2762 --> 28 7 4
2763 --> 28 7 5
2764 --> 28 7 6
2765 --> 28 7 7
2766 --> 28 7 8
2767 --> 28 7 9
2768 --> 28 7 10
2769 --> 28 7 11
2770 --> 28 8 0
2771 --> 28 8 1
2772 --> 28 8 2
2773 --> 28 8 3
2774 --> 28 8 4
2775 --> 28 8 5
2776 --> 28 8 6
2777 --> 28 8 7
2778 --> 28 8 8
2779 --> 28 8 9
2780 --> 28 8 10
2781 --> 28 8 11
2782 --> 28 9 0
2783 --> 28 9 1
2784 --> 28 9 2
2785 --> 28 9 3
2786 --> 28 9 4
2787 --> 28 9 5
2788 --> 28 9 6
2789 --> 28 9 7
2790 --> 28 9 8
2791 --> 28 9 9
2792 --> 28 9 10
2793 --> 28 10 1
2794 --> 28 10 2
2795 --> 28 10 3
2796 --> 28 10 4
2797 --> 28 10 5
2798 --> 28 10 6
2799 --> 28 10 7
2800 --> 28 10 8
2801 --> 28 10 9
2802 --> 28 11 3
2803 --> 28 11 4
2804 --> 28 11 5
2805 --> 28 11 6
2806 --> 28 11 7
2807 --> 28 11 8
2808 --> 29 1 3
2809 --> 29 1 4
2810 --> 29 1 5
2811 --> 29 1 6
2812 --> 29 1 7
2813 --> 29 1 8
2814 --> 29 1 9
2815 --> 29 1 10
2816 --> 29 2 0
2817 --> 29 2 2
2818 --> 29 2 3
2819 --> 29 2 4
2820 --> 29 2 5
2821 --> 29 2 6
2822 --> 29 2 7
2823 --> 29 2 8
2824 --> 29 2 9
2825 --> 29 2 10
2826 --> 29 3 0
2827 --> 29 3 1
2828 --> 29 3 2
2829 --> 29 3 3
2830 --> 29 3 4
2831 --> 29 3 5
2832 --> 29 3 6
2833 --> 29 3 7
2834 --> 29 3 8
2835 --> 29 3 9
2836 --> 29 3 10
2837 --> 29 3 11
2838 --> 29 4 0
2839 --> 29 4 1
2840 --> 29 4 2
2841 --> 29 4 3
2842 --> 29 4 4
2843 --> 29 4 5
2844 --> 29 4 6
2845 --> 29 4 7
2846 --> 29 4 8
2847 --> 29 4 9
2848 --> 29 4 10
2849 --> 29 4 11
2850 --> 29 5 0
2851 --> 29 5 1
2852 --> 29 5 2
2853 --> 29 5 3
2854 --> 29 5 4
2855 --> 29 5 5
2856 --> 29 5 6
2857 --> 29 5 7
2858 --> 29 5 8
2859 --> 29 5 9
2860 --> 29 5 10
2861 --> 29 5 11
2862 --> 29 6 0
2863 --> 29 6 1
2864 --> 29 6 2
2865 --> 29 6 3
2866 --> 29 6 4
2867 --> 29 6 5
2868 --> 29 6 6
2869 --> 29 6 7
2870 --> 29 6 8
2871 --> 29 6 9
2872 --> 29 6 10
2873 --> 29 6 11
2874 --> 29 7 0
2875 --> 29 7 1
2876 --> 29 7 2
2877 --> 29 7 3
2878 --> 29 7 4
2879 --> 29 7 5
2880 --> 29 7 6
2881 --> 29 7 7
2882 --> 29 7 8
2883 --> 29 7 9
2884 --> 29 7 10
2885 --> 29 7 11
2886 --> 29 8 0
2887 --> 29 8 1
2888 --> 29 8 2
2889 --> 29 8 3
2890 --> 29 8 4
2891 --> 29 8 5
2892 --> 29 8 6
2893 --> 29 8 7
2894 --> 29 8 8
2895 --> 29 8 9
2896 --> 29 8 10
2897 --> 29 8 11
2898 --> 29 9 0
2899 --> 29 9 1
2900 --> 29 9 2
2901 --> 29 9 3
2902 --> 29 9 4
2903 --> 29 9 5
2904 --> 29 9 6
2905 --> 29 9 7
2906 --> 29 9 8
2907 --> 29 9 9
2908 --> 29 9 10
2909 --> 29 10 1
2910 --> 29 10 2
2911 --> 29 10 3
2912 --> 29 10 4
2913 --> 29 10 5
2914 --> 29 10 6
2915 --> 29 10 7
2916 --> 29 10 8
2917 --> 29 10 9
2918 --> 29 11 3
2919 --> 29 11 4
2920 --> 29 11 5
2921 --> 29 11 6
2922 --> 29 11 7
2923 --> 29 11 8
2924 --> 30 1 3
2925 --> 30 1 4
2926 --> 30 1 5
2927 --> 30 1 6
2928 --> 30 1 7
2929 --> 30 1 8
2930 --> 30 1 9
2931 --> 30 1 10
2932 --> 30 2 0
2933 --> 30 2 2
2934 --> 30 2 3
2935 --> 30 2 4
2936 --> 30 2 5
2937 --> 30 2 6
2938 --> 30 2 7
2939 --> 30 2 8
2940 --> 30 2 9
2941 --> 30 2 10
2942 --> 30 2 11
2943 --> 30 3 0
2944 --> 30 3 1
2945 --> 30 3 2
2946 --> 30 3 3
2947 --> 30 3 4
2948 --> 30 3 5
2949 --> 30 3 6
2950 --> 30 3 7
2951 --> 30 3 8
2952 --> 30 3 9
2953 --> 30 3 10
2954 --> 30 3 11
2955 --> 30 4 0
2956 --> 30 4 1
2957 --> 30 4 2
2958 --> 30 4 3
2959 --> 30 4 4
2960 --> 30 4 5
2961 --> 30 4 6
2962 --> 30 4 7
2963 --> 30 4 8
2964 --> 30 4 9
2965 --> 30 4 10
2966 --> 30 4 11
2967 --> 30 5 0
2968 --> 30 5 1
2969 --> 30 5 2
2970 --> 30 5 3
2971 --> 30 5 4
2972 --> 30 5 5
2973 --> 30 5 6
2974 --> 30 5 7
2975 --> 30 5 8
2976 --> 30 5 9
2977 --> 30 5 10
2978 --> 30 5 11
2979 --> 30 6 0
2980 --> 30 6 1
2981 --> 30 6 2
2982 --> 30 6 3
2983 --> 30 6 4
2984 --> 30 6 5
2985 --> 30 6 6
2986 --> 30 6 7
2987 --> 30 6 8
2988 --> 30 6 9
2989 --> 30 6 10
2990 --> 30 6 11
2991 --> 30 7 0
2992 --> 30 7 1
2993 --> 30 7 2
2994 --> 30 7 3
2995 --> 30 7 4
2996 --> 30 7 5
2997 --> 30 7 6
2998 --> 30 7 7
2999 --> 30 7 8
3000 --> 30 7 9
3001 --> 30 7 10
3002 --> 30 7 11
3003 --> 30 8 0
3004 --> 30 8 1
3005 --> 30 8 2
3006 --> 30 8 3
3007 --> 30 8 4
3008 --> 30 8 5
3009 --> 30 8 6
3010 --> 30 8 7
3011 --> 30 8 8
3012 --> 30 8 9
3013 --> 30 8 10
3014 --> 30 8 11
3015 --> 30 9 0
3016 --> 30 9 1
3017 --> 30 9 2
3018 --> 30 9 3
3019 --> 30 9 4
3020 --> 30 9 5
3021 --> 30 9 6
3022 --> 30 9 7
3023 --> 30 9 8
3024 --> 30 9 9
3025 --> 30 9 10
3026 --> 30 9 11
3027 --> 30 10 1
3028 --> 30 10 2
3029 --> 30 10 3
3030 --> 30 10 4
3031 --> 30 10 5
3032 --> 30 10 6
3033 --> 30 10 7
3034 --> 30 10 8
3035 --> 30 10 9
3036 --> 30 11 2
3037 --> 30 11 3
3038 --> 30 11 4
3039 --> 30 11 5
3040 --> 30 11 6
3041 --> 30 11 7
3042 --> 30 11 8
3043 --> 30 11 9
3044 --> 31 1 3
3045 --> 31 1 4
3046 --> 31 1 5
3047 --> 31 1 6
3048 --> 31 1 7
3049 --> 31 1 8
3050 --> 31 1 9
3051 --> 31 1 10
3052 --> 31 2 0
3053 --> 31 2 2
3054 --> 31 2 3
3055 --> 31 2 4
3056 --> 31 2 5
3057 --> 31 2 6
3058 --> 31 2 7
3059 --> 31 2 8
3060 --> 31 2 9
3061 --> 31 2 10
3062 --> 31 2 11
3063 --> 31 3 0
3064 --> 31 3 1
3065 --> 31 3 2
3066 --> 31 3 3
3067 --> 31 3 4
3068 --> 31 3 5
3069 --> 31 3 6
3070 --> 31 3 7
3071 --> 31 3 8
3072 --> 31 3 9
3073 --> 31 3 10
3074 --> 31 3 11
3075 --> 31 4 0
3076 --> 31 4 1
3077 --> 31 4 2
3078 --> 31 4 3
3079 --> 31 4 4
3080 --> 31 4 5
3081 --> 31 4 6
3082 --> 31 4 7
3083 --> 31 4 8
3084 --> 31 4 9
3085 --> 31 4 10
3086 --> 31 4 11
3087 --> 31 5 0
3088 --> 31 5 1
3089 --> 31 5 2
3090 --> 31 5 3
3091 --> 31 5 4
3092 --> 31 5 5
3093 --> 31 5 6
3094 --> 31 5 7
3095 --> 31 5 8
3096 --> 31 5 9
3097 --> 31 5 10
3098 --> 31 5 11
3099 --> 31 5 12
3100 --> 31 6 0
3101 --> 31 6 1
3102 --> 31 6 2
3103 --> 31 6 3
3104 --> 31 6 4
3105 --> 31 6 5
3106 --> 31 6 6
3107 --> 31 6 7
3108 --> 31 6 8
3109 --> 31 6 9
3110 --> 31 6 10
3111 --> 31 6 11
3112 --> 31 7 0
3113 --> 31 7 1
3114 --> 31 7 2
3115 --> 31 7 3
3116 --> 31 7 4
3117 --> 31 7 5
3118 --> 31 7 6
3119 --> 31 7 7
3120 --> 31 7 8
3121 --> 31 7 9
3122 --> 31 7 10
3123 --> 31 7 11
3124 --> 31 7 12
3125 --> 31 8 0
3126 --> 31 8 1
3127 --> 31 8 2
3128 --> 31 8 3
3129 --> 31 8 4
3130 --> 31 8 5
3131 --> 31 8 6
3132 --> 31 8 7
3133 --> 31 8 8
3134 --> 31 8 9
3135 --> 31 8 10
3136 --> 31 8 11
3137 --> 31 9 0
3138 --> 31 9 1
3139 --> 31 9 2
3140 --> 31 9 3
3141 --> 31 9 4
3142 --> 31 9 5
3143 --> 31 9 6
3144 --> 31 9 7
3145 --> 31 9 8
3146 --> 31 9 9
3147 --> 31 9 10
3148 --> 31 9 11
3149 --> 31 10 1
3150 --> 31 10 2
3151 --> 31 10 3
3152 --> 31 10 4
3153 --> 31 10 5
3154 --> 31 10 6
3155 --> 31 10 7
3156 --> 31 10 8
3157 --> 31 10 9
3158 --> 31 11 2
3159 --> 31 11 3
3160 --> 31 11 4
3161 --> 31 11 5
3162 --> 31 11 6
3163 --> 31 11 7
3164 --> 31 11 8
3165 --> 31 11 9
3166 --> 31 12 5
3167 --> 31 12 7
3168 --> 32 1 3
3169 --> 32 1 4
3170 --> 32 1 5
3171 --> 32 1 6
3172 --> 32 1 7
3173 --> 32 1 8
3174 --> 32 1 9
3175 --> 32 1 10
3176 --> 32 2 0
3177 --> 32 2 2
3178 --> 32 2 3
3179 --> 32 2 4
3180 --> 32 2 5
3181 --> 32 2 6
3182 --> 32 2 7
3183 --> 32 2 8
3184 --> 32 2 9
3185 --> 32 2 10
3186 --> 32 2 11
3187 --> 32 3 0
3188 --> 32 3 1
3189 --> 32 3 2
3190 --> 32 3 3
3191 --> 32 3 4
3192 --> 32 3 5
3193 --> 32 3 6
3194 --> 32 3 7
3195 --> 32 3 8
3196 --> 32 3 9
3197 --> 32 3 10
3198 --> 32 3 11
3199 --> 32 3 12
3200 --> 32 4 0
3201 --> 32 4 1
3202 --> 32 4 2
3203 --> 32 4 3
3204 --> 32 4 4
3205 --> 32 4 5
3206 --> 32 4 6
3207 --> 32 4 7
3208 --> 32 4 8
3209 --> 32 4 9
3210 --> 32 4 10
3211 --> 32 4 11
3212 --> 32 4 12
3213 --> 32 5 0
3214 --> 32 5 1
3215 --> 32 5 2
3216 --> 32 5 3
3217 --> 32 5 4
3218 --> 32 5 5
3219 --> 32 5 6
3220 --> 32 5 7
3221 --> 32 5 8
3222 --> 32 5 9
3223 --> 32 5 10
3224 --> 32 5 11
3225 --> 32 5 12
3226 --> 32 6 0
3227 --> 32 6 1
3228 --> 32 6 2
3229 --> 32 6 3
3230 --> 32 6 4
3231 --> 32 6 5
3232 --> 32 6 6
3233 --> 32 6 7
3234 --> 32 6 8
3235 --> 32 6 9
3236 --> 32 6 10
3237 --> 32 6 11
3238 --> 32 7 0
3239 --> 32 7 1
3240 --> 32 7 2
3241 --> 32 7 3
3242 --> 32 7 4
3243 --> 32 7 5
3244 --> 32 7 6
3245 --> 32 7 7
3246 --> 32 7 8
3247 --> 32 7 9
3248 --> 32 7 10
3249 --> 32 7 11
3250 --> 32 7 12
3251 --> 32 8 0
3252 --> 32 8 1
3253 --> 32 8 2
3254 --> 32 8 3
3255 --> 32 8 4
3256 --> 32 8 5
3257 --> 32 8 6
3258 --> 32 8 7
3259 --> 32 8 8
3260 --> 32 8 9
3261 --> 32 8 10
3262 --> 32 8 11
3263 --> 32 8 12
3264 --> 32 9 0
3265 --> 32 9 1
3266 --> 32 9 2
3267 --> 32 9 3
3268 --> 32 9 4
3269 --> 32 9 5
3270 --> 32 9 6
3271 --> 32 9 7
3272 --> 32 9 8
3273 --> 32 9 9
3274 --> 32 9 10
3275 --> 32 9 11
3276 --> 32 9 12
3277 --> 32 10 0
3278 --> 32 10 1
3279 --> 32 10 2
3280 --> 32 10 3
3281 --> 32 10 4
3282 --> 32 10 5
3283 --> 32 10 6
3284 --> 32 10 7
3285 --> 32 10 8
3286 --> 32 10 9
3287 --> 32 10 10
3288 --> 32 10 11
3289 --> 32 11 1
3290 --> 32 11 2
3291 --> 32 11 3
3292 --> 32 11 4
3293 --> 32 11 5
3294 --> 32 11 6
3295 --> 32 11 7
3296 --> 32 11 8
3297 --> 32 11 9
3298 --> 32 12 3
3299 --> 32 12 4
3300 --> 32 12 5
3301 --> 32 12 7
3302 --> 32 12 8
3303 --> 32 12 9
3304 --> 33 1 3
3305 --> 33 1 4
3306 --> 33 1 5
3307 --> 33 1 6
3308 --> 33 1 7
3309 --> 33 1 8
3310 --> 33 1 9
3311 --> 33 1 10
3312 --> 33 1 11
3313 --> 33 2 0
3314 --> 33 2 2
3315 --> 33 2 3
3316 --> 33 2 4
3317 --> 33 2 5
3318 --> 33 2 6
3319 --> 33 2 7
3320 --> 33 2 8
3321 --> 33 2 9
3322 --> 33 2 10
3323 --> 33 2 11
3324 --> 33 2 12
3325 --> 33 3 0
3326 --> 33 3 1
3327 --> 33 3 2
3328 --> 33 3 3
3329 --> 33 3 4
3330 --> 33 3 5
3331 --> 33 3 6
3332 --> 33 3 7
3333 --> 33 3 8
3334 --> 33 3 9
3335 --> 33 3 10
3336 --> 33 3 11
3337 --> 33 3 12
3338 --> 33 4 0
3339 --> 33 4 1
3340 --> 33 4 2
3341 --> 33 4 3
3342 --> 33 4 4
3343 --> 33 4 5
3344 --> 33 4 6
3345 --> 33 4 7
3346 --> 33 4 8
3347 --> 33 4 9
3348 --> 33 4 10
3349 --> 33 4 11
3350 --> 33 4 12
3351 --> 33 5 0
3352 --> 33 5 1
3353 --> 33 5 2
3354 --> 33 5 3
3355 --> 33 5 4
3356 --> 33 5 5
3357 --> 33 5 6
3358 --> 33 5 7
3359 --> 33 5 8
3360 --> 33 5 9
3361 --> 33 5 10
3362 --> 33 5 11
3363 --> 33 5 12
3364 --> 33 5 13
3365 --> 33 6 0
3366 --> 33 6 1
3367 --> 33 6 2
3368 --> 33 6 3
3369 --> 33 6 4
3370 --> 33 6 5
3371 --> 33 6 6
3372 --> 33 6 7
3373 --> 33 6 8
3374 --> 33 6 9
3375 --> 33 6 10
3376 --> 33 6 11
3377 --> 33 6 12
3378 --> 33 7 0
3379 --> 33 7 1
3380 --> 33 7 2
3381 --> 33 7 3
3382 --> 33 7 4
3383 --> 33 7 5
3384 --> 33 7 6
3385 --> 33 7 7
3386 --> 33 7 8
3387 --> 33 7 9
3388 --> 33 7 10
3389 --> 33 7 11
3390 --> 33 7 12
3391 --> 33 8 0
3392 --> 33 8 1
3393 --> 33 8 2
3394 --> 33 8 3
3395 --> 33 8 4
3396 --> 33 8 5
3397 --> 33 8 6
3398 --> 33 8 7
3399 --> 33 8 8
3400 --> 33 8 9
3401 --> 33 8 10
3402 --> 33 8 11
3403 --> 33 8 12
3404 --> 33 8 13
3405 --> 33 9 0
3406 --> 33 9 1
3407 --> 33 9 2
3408 --> 33 9 3
3409 --> 33 9 4
3410 --> 33 9 5
3411 --> 33 9 6
3412 --> 33 9 7
3413 --> 33 9 8
3414 --> 33 9 9
3415 --> 33 9 10
3416 --> 33 9 11
3417 --> 33 9 12
3418 --> 33 10 0
3419 --> 33 10 1
3420 --> 33 10 2
3421 --> 33 10 3
3422 --> 33 10 4
3423 --> 33 10 5
3424 --> 33 10 6
3425 --> 33 10 7
3426 --> 33 10 8
3427 --> 33 10 9
3428 --> 33 10 10
3429 --> 33 10 11
3430 --> 33 10 12
3431 --> 33 11 1
3432 --> 33 11 2
3433 --> 33 11 3
3434 --> 33 11 4
3435 --> 33 11 5
3436 --> 33 11 6
3437 --> 33 11 7
3438 --> 33 11 8
3439 --> 33 11 9
3440 --> 33 11 10
3441 --> 33 12 2
3442 --> 33 12 3
3443 --> 33 12 4
3444 --> 33 12 5
3445 --> 33 12 6
3446 --> 33 12 7
3447 --> 33 12 8
3448 --> 33 12 9
3449 --> 33 12 10
3450 --> 33 13 5
3451 --> 33 13 8
3452 --> 34 1 4
3453 --> 34 1 5
3454 --> 34 1 6
3455 --> 34 1 7
3456 --> 34 1 8
3457 --> 34 1 9
3458 --> 34 1 10
3459 --> 34 2 4
3460 --> 34 2 5
3461 --> 34 2 6
3462 --> 34 2 7
3463 --> 34 2 8
3464 --> 34 2 9
3465 --> 34 2 10
3466 --> 34 3 1
3467 --> 34 3 3
3468 --> 34 3 4
3469 --> 34 3 5
3470 --> 34 3 6
3471 --> 34 3 7
3472 --> 34 3 8
3473 --> 34 3 9
3474 --> 34 3 10
3475 --> 34 4 1
3476 --> 34 4 2
3477 --> 34 4 3
3478 --> 34 4 4
3479 --> 34 4 5
3480 --> 34 4 6
3481 --> 34 4 7
3482 --> 34 4 8
3483 --> 34 4 9
3484 --> 34 4 10
3485 --> 34 4 11
3486 --> 34 5 1
3487 --> 34 5 2
3488 --> 34 5 3
3489 --> 34 5 4
3490 --> 34 5 5
3491 --> 34 5 6
3492 --> 34 5 7
3493 --> 34 5 8
3494 --> 34 5 9
3495 --> 34 5 10
3496 --> 34 5 11
3497 --> 34 6 1
3498 --> 34 6 2
3499 --> 34 6 3
3500 --> 34 6 4
3501 --> 34 6 5
3502 --> 34 6 6
3503 --> 34 6 7
3504 --> 34 6 8
3505 --> 34 6 9
3506 --> 34 6 10
3507 --> 34 6 11
3508 --> 34 7 1
3509 --> 34 7 2
3510 --> 34 7 3
3511 --> 34 7 4
3512 --> 34 7 5
3513 --> 34 7 6
3514 --> 34 7 7
3515 --> 34 7 8
3516 --> 34 7 9
3517 --> 34 7 10
3518 --> 34 7 11
3519 --> 34 8 1
3520 --> 34 8 2
3521 --> 34 8 3
3522 --> 34 8 4
3523 --> 34 8 5
3524 --> 34 8 6
3525 --> 34 8 7
3526 --> 34 8 8
3527 --> 34 8 9
3528 --> 34 8 10
3529 --> 34 9 1
3530 --> 34 9 2
3531 --> 34 9 3
3532 --> 34 9 4
3533 --> 34 9 5
3534 --> 34 9 6
3535 --> 34 9 7
3536 --> 34 9 8
3537 --> 34 9 9
3538 --> 34 9 10
3539 --> 34 10 2
3540 --> 34 10 3
3541 --> 34 10 4
3542 --> 34 10 5
3543 --> 34 10 6
3544 --> 34 10 7
3545 --> 34 10 8
3546 --> 34 10 9
3547 --> 34 15 0
3548 --> 34 15 1
3549 --> 34 15 2
3550 --> 34 15 3
3551 --> 34 15 4
3552 --> 34 15 5
3553 --> 34 15 6
3554 --> 34 15 7
3555 --> 34 15 8
3556 --> 34 15 9
3557 --> 34 15 10
3558 --> 34 15 11
3559 --> 35 0 2
3560 --> 35 0 3
3561 --> 35 0 4
3562 --> 35 0 5
3563 --> 35 0 6
3564 --> 35 0 7
3565 --> 35 0 8
3566 --> 35 1 3
3567 --> 35 1 4
3568 --> 35 1 5
3569 --> 35 1 6
3570 --> 35 1 7
3571 --> 35 1 8
3572 --> 35 1 9
3573 --> 35 2 2
3574 --> 35 2 3
3575 --> 35 2 4
3576 --> 35 2 5
3577 --> 35 2 6
3578 --> 35 2 7
3579 --> 35 2 8
3580 --> 35 2 9
3581 --> 35 3 0
3582 --> 35 3 1
3583 --> 35 3 2
3584 --> 35 3 3
3585 --> 35 3 4
3586 --> 35 3 5
3587 --> 35 3 6
3588 --> 35 3 7
3589 --> 35 3 8
3590 --> 35 3 9
3591 --> 35 4 0
3592 --> 35 4 1
3593 --> 35 4 2
3594 --> 35 4 3
3595 --> 35 4 4
3596 --> 35 4 5
3597 --> 35 4 6
3598 --> 35 4 7
3599 --> 35 4 8
3600 --> 35 4 9
3601 --> 35 5 0
3602 --> 35 5 1
3603 --> 35 5 2
3604 --> 35 5 3
3605 --> 35 5 4
3606 --> 35 5 5
3607 --> 35 5 6
3608 --> 35 5 7
3609 --> 35 5 8
3610 --> 35 5 9
3611 --> 35 6 0
3612 --> 35 6 1
3613 --> 35 6 2
3614 --> 35 6 3
3615 --> 35 6 4
3616 --> 35 6 5
3617 --> 35 6 6
3618 --> 35 6 7
3619 --> 35 6 8
3620 --> 35 6 9
3621 --> 35 7 0
3622 --> 35 7 1
3623 --> 35 7 2
3624 --> 35 7 3
3625 --> 35 7 4
3626 --> 35 7 5
3627 --> 35 7 6
3628 --> 35 7 7
3629 --> 35 7 8
3630 --> 35 7 9
3631 --> 35 8 0
3632 --> 35 8 1
3633 --> 35 8 2
3634 --> 35 8 3
3635 --> 35 8 4
3636 --> 35 8 5
3637 --> 35 8 6
3638 --> 35 8 7
3639 --> 35 8 8
3640 --> 35 8 9
3641 --> 35 9 0
3642 --> 35 9 1
3643 --> 35 9 2
3644 --> 35 9 3
3645 --> 35 9 4
3646 --> 35 9 5
3647 --> 35 9 6
3648 --> 35 9 7
3649 --> 35 9 8
3650 --> 35 10 3
3651 --> 35 10 4
3652 --> 35 10 5
3653 --> 35 10 6
3654 --> 35 15 0
3655 --> 35 15 1
3656 --> 35 15 2
3657 --> 35 15 3
3658 --> 35 15 4
3659 --> 35 15 5
3660 --> 35 15 6
3661 --> 35 15 7
3662 --> 35 15 8
3663 --> 35 15 9
3664 --> 35 15 10
3665 --> 35 15 11
3666 --> 36 1 4
3667 --> 36 1 5
3668 --> 36 1 6
3669 --> 36 1 7
3670 --> 36 1 8
3671 --> 36 1 9
3672 --> 36 1 10
3673 --> 36 2 4
3674 --> 36 2 5
3675 --> 36 2 6
3676 --> 36 2 7
3677 --> 36 2 8
3678 --> 36 2 9
3679 --> 36 2 10
3680 --> 36 3 1
3681 --> 36 3 3
3682 --> 36 3 4
3683 --> 36 3 5
3684 --> 36 3 6
3685 --> 36 3 7
3686 --> 36 3 8
3687 --> 36 3 9
3688 --> 36 3 10
3689 --> 36 4 1
3690 --> 36 4 2
3691 --> 36 4 3
3692 --> 36 4 4
3693 --> 36 4 5
3694 --> 36 4 6
3695 --> 36 4 7
3696 --> 36 4 8
3697 --> 36 4 9
3698 --> 36 4 10
3699 --> 36 4 11
3700 --> 36 5 1
3701 --> 36 5 2
3702 --> 36 5 3
3703 --> 36 5 4
3704 --> 36 5 5
3705 --> 36 5 6
3706 --> 36 5 7
3707 --> 36 5 8
3708 --> 36 5 9
3709 --> 36 5 10
3710 --> 36 5 11
3711 --> 36 6 1
3712 --> 36 6 2
3713 --> 36 6 3
3714 --> 36 6 4
3715 --> 36 6 5
3716 --> 36 6 6
3717 --> 36 6 7
3718 --> 36 6 8
3719 --> 36 6 9
3720 --> 36 6 10
3721 --> 36 6 11
3722 --> 36 7 1
3723 --> 36 7 2
3724 --> 36 7 3
3725 --> 36 7 4
3726 --> 36 7 5
3727 --> 36 7 6
3728 --> 36 7 7
3729 --> 36 7 8
3730 --> 36 7 9
3731 --> 36 7 10
3732 --> 36 7 11
3733 --> 36 8 1
3734 --> 36 8 2
3735 --> 36 8 3
3736 --> 36 8 4
3737 --> 36 8 5
3738 --> 36 8 6
3739 --> 36 8 7
3740 --> 36 8 8
3741 --> 36 8 9
3742 --> 36 8 10
3743 --> 36 9 1
3744 --> 36 9 2
3745 --> 36 9 3
3746 --> 36 9 4
3747 --> 36 9 5
3748 --> 36 9 6
3749 --> 36 9 7
3750 --> 36 9 8
3751 --> 36 9 9
3752 --> 36 9 10
3753 --> 36 10 2
3754 --> 36 10 3
3755 --> 36 10 4
3756 --> 36 10 5
3757 --> 36 10 6
3758 --> 36 10 7
3759 --> 36 10 8
3760 --> 36 10 9
3761 --> 36 15 0
3762 --> 36 15 1
3763 --> 36 15 2
3764 --> 36 15 3
3765 --> 36 15 4
3766 --> 36 15 5
3767 --> 36 15 6
3768 --> 36 15 7
3769 --> 36 15 8
3770 --> 36 15 9
3771 --> 36 15 10
3772 --> 36 15 11
3773 --> 37 0 2
3774 --> 37 0 3
3775 --> 37 0 4
3776 --> 37 0 5
3777 --> 37 0 6
3778 --> 37 0 7
3779 --> 37 0 8
3780 --> 37 1 3
3781 --> 37 1 4
3782 --> 37 1 5
3783 --> 37 1 6
3784 --> 37 1 7
3785 --> 37 1 8
3786 --> 37 1 9
3787 --> 37 2 2
3788 --> 37 2 3
3789 --> 37 2 4
3790 --> 37 2 5
3791 --> 37 2 6
3792 --> 37 2 7
3793 --> 37 2 8
3794 --> 37 2 9
3795 --> 37 3 0
3796 --> 37 3 1
3797 --> 37 3 2
3798 --> 37 3 3
3799 --> 37 3 4
3800 --> 37 3 5
3801 --> 37 3 6
3802 --> 37 3 7
3803 --> 37 3 8
3804 --> 37 3 9
3805 --> 37 4 0
3806 --> 37 4 1
3807 --> 37 4 2
3808 --> 37 4 3
3809 --> 37 4 4
3810 --> 37 4 5
3811 --> 37 4 6
3812 --> 37 4 7
3813 --> 37 4 8
3814 --> 37 4 9
3815 --> 37 5 0
3816 --> 37 5 1
3817 --> 37 5 2
3818 --> 37 5 3
3819 --> 37 5 4
3820 --> 37 5 5
3821 --> 37 5 6
3822 --> 37 5 7
3823 --> 37 5 8
3824 --> 37 5 9
3825 --> 37 6 0
3826 --> 37 6 1
3827 --> 37 6 2
3828 --> 37 6 3
3829 --> 37 6 4
3830 --> 37 6 5
3831 --> 37 6 6
3832 --> 37 6 7
3833 --> 37 6 8
3834 --> 37 6 9
3835 --> 37 7 0
3836 --> 37 7 1
3837 --> 37 7 2
3838 --> 37 7 3
3839 --> 37 7 4
3840 --> 37 7 5
3841 --> 37 7 6
3842 --> 37 7 7
3843 --> 37 7 8
3844 --> 37 7 9
3845 --> 37 8 0
3846 --> 37 8 1
3847 --> 37 8 2
3848 --> 37 8 3
3849 --> 37 8 4
3850 --> 37 8 5
3851 --> 37 8 6
3852 --> 37 8 7
3853 --> 37 8 8
3854 --> 37 8 9
3855 --> 37 9 0
3856 --> 37 9 1
3857 --> 37 9 2
3858 --> 37 9 3
3859 --> 37 9 4
3860 --> 37 9 5
3861 --> 37 9 6
3862 --> 37 9 7
3863 --> 37 9 8
3864 --> 37 10 3
3865 --> 37 10 4
3866 --> 37 10 5
3867 --> 37 10 6
3868 --> 37 15 0
3869 --> 37 15 1
3870 --> 37 15 2
3871 --> 37 15 3
3872 --> 37 15 4
3873 --> 37 15 5
3874 --> 37 15 6
3875 --> 37 15 7
3876 --> 37 15 8
3877 --> 37 15 9
3878 --> 37 15 10
3879 --> 37 15 11
3880 --> 38 1 4
3881 --> 38 1 5
3882 --> 38 1 6
3883 --> 38 1 7
3884 --> 38 1 8
3885 --> 38 1 9
3886 --> 38 2 5
3887 --> 38 2 6
3888 --> 38 2 7
3889 --> 38 2 8
3890 --> 38 2 9
3891 --> 38 3 4
3892 --> 38 3 5
3893 --> 38 3 6
3894 --> 38 3 7
3895 --> 38 3 8
3896 --> 38 3 9
3897 --> 38 4 1
3898 --> 38 4 2
3899 --> 38 4 3
3900 --> 38 4 4
3901 --> 38 4 5
3902 --> 38 4 6
3903 --> 38 4 7
3904 --> 38 4 8
3905 --> 38 4 9
3906 --> 38 4 10
3907 --> 38 5 1
3908 --> 38 5 2
3909 --> 38 5 3
3910 --> 38 5 4
3911 --> 38 5 5
3912 --> 38 5 6
3913 --> 38 5 7
3914 --> 38 5 8
3915 --> 38 5 9
3916 --> 38 5 10
3917 --> 38 6 1
3918 --> 38 6 2
3919 --> 38 6 3
3920 --> 38 6 4
3921 --> 38 6 5
3922 --> 38 6 6
3923 --> 38 6 7
3924 --> 38 6 8
3925 --> 38 6 9
3926 --> 38 6 10
3927 --> 38 7 1
3928 --> 38 7 2
3929 --> 38 7 3
3930 --> 38 7 4
3931 --> 38 7 5
3932 --> 38 7 6
3933 --> 38 7 7
3934 --> 38 7 8
3935 --> 38 7 9
3936 --> 38 8 1
3937 --> 38 8 2
3938 --> 38 8 3
3939 --> 38 8 4
3940 --> 38 8 5
3941 --> 38 8 6
3942 --> 38 8 7
3943 --> 38 8 8
3944 --> 38 8 9
3945 --> 38 9 2
3946 --> 38 9 3
3947 --> 38 9 4
3948 --> 38 9 5
3949 --> 38 9 6
3950 --> 38 9 7
3951 --> 38 9 8
3952 --> 38 15 0
3953 --> 38 15 1
3954 --> 38 15 2
3955 --> 38 15 3
3956 --> 38 15 4
3957 --> 38 15 5
3958 --> 38 15 6
3959 --> 38 15 7
3960 --> 38 15 8
3961 --> 38 15 9
3962 --> 38 15 10
3963 --> 38 15 11
3964 --> 39 0 3
3965 --> 39 0 4
3966 --> 39 0 5
3967 --> 39 0 6
3968 --> 39 0 7
3969 --> 39 1 3
3970 --> 39 1 4
3971 --> 39 1 5
3972 --> 39 1 6
3973 --> 39 1 7
3974 --> 39 1 8
3975 --> 39 2 3
3976 --> 39 2 4
3977 --> 39 2 5
3978 --> 39 2 6
3979 --> 39 2 7
3980 --> 39 2 8
3981 --> 39 3 0
3982 --> 39 3 2
3983 --> 39 3 3
3984 --> 39 3 4
3985 --> 39 3 5
3986 --> 39 3 6
3987 --> 39 3 7
3988 --> 39 3 8
3989 --> 39 4 0
3990 --> 39 4 1
3991 --> 39 4 2
3992 --> 39 4 3
3993 --> 39 4 4
3994 --> 39 4 5
3995 --> 39 4 6
3996 --> 39 4 7
3997 --> 39 4 8
3998 --> 39 5 0
3999 --> 39 5 1
4000 --> 39 5 2
4001 --> 39 5 3
4002 --> 39 5 4
4003 --> 39 5 5
4004 --> 39 5 6
4005 --> 39 5 7
4006 --> 39 5 8
4007 --> 39 6 0
4008 --> 39 6 1
4009 --> 39 6 2
4010 --> 39 6 3
4011 --> 39 6 4
4012 --> 39 6 5
4013 --> 39 6 6
4014 --> 39 6 7
4015 --> 39 6 8
4016 --> 39 7 0
4017 --> 39 7 1
4018 --> 39 7 2
4019 --> 39 7 3
4020 --> 39 7 4
4021 --> 39 7 5
4022 --> 39 7 6
4023 --> 39 7 7
4024 --> 39 7 8
4025 --> 39 8 0
4026 --> 39 8 1
4027 --> 39 8 2
4028 --> 39 8 3
4029 --> 39 8 4
4030 --> 39 8 5
4031 --> 39 8 6
4032 --> 39 8 7
4033 --> 39 9 3
4034 --> 39 9 4
4035 --> 39 9 5
4036 --> 39 15 0
4037 --> 39 15 1
4038 --> 39 15 2
4039 --> 39 15 3
4040 --> 39 15 4
4041 --> 39 15 5
4042 --> 39 15 6
4043 --> 39 15 7
4044 --> 39 15 8
4045 --> 39 15 9
4046 --> 39 15 10
4047 --> 39 15 11
4048 --> 40 1 4
4049 --> 40 1 5
4050 --> 40 1 6
4051 --> 40 1 7
4052 --> 40 1 8
4053 --> 40 2 5
4054 --> 40 2 6
4055 --> 40 2 7
4056 --> 40 2 8
4057 --> 40 3 4
4058 --> 40 3 5
4059 --> 40 3 6
4060 --> 40 3 7
4061 --> 40 3 8
4062 --> 40 4 1
4063 --> 40 4 2
4064 --> 40 4 3
4065 --> 40 4 4
4066 --> 40 4 5
4067 --> 40 4 6
4068 --> 40 4 7
4069 --> 40 4 8
4070 --> 40 5 1
4071 --> 40 5 2
4072 --> 40 5 3
4073 --> 40 5 4
4074 --> 40 5 5
4075 --> 40 5 6
4076 --> 40 5 7
4077 --> 40 5 8
4078 --> 40 6 1
4079 --> 40 6 2
4080 --> 40 6 3
4081 --> 40 6 4
4082 --> 40 6 5
4083 --> 40 6 6
4084 --> 40 6 7
4085 --> 40 6 8
4086 --> 40 7 1
4087 --> 40 7 2
4088 --> 40 7 3
4089 --> 40 7 4
4090 --> 40 7 5
4091 --> 40 7 6
4092 --> 40 7 7
4093 --> 40 7 8
4094 --> 40 8 2
4095 --> 40 8 3
4096 --> 40 8 4
4097 --> 40 8 5
4098 --> 40 8 6
4099 --> 40 8 7
4100 --> 40 15 0
4101 --> 40 15 1
4102 --> 40 15 2
4103 --> 40 15 3
4104 --> 40 15 4
4105 --> 40 15 5
4106 --> 40 15 6
4107 --> 40 15 7
4108 --> 40 15 8
4109 --> 40 15 9
4110 --> 40 15 10
4111 --> 40 15 11
4112 --> 41 0 3
4113 --> 41 0 4
4114 --> 41 0 5
4115 --> 41 0 6
4116 --> 41 1 3
4117 --> 41 1 4
4118 --> 41 1 5
4119 --> 41 1 6
4120 --> 41 1 7
4121 --> 41 2 3
4122 --> 41 2 4
4123 --> 41 2 5
4124 --> 41 2 6
4125 --> 41 2 7
4126 --> 41 3 0
4127 --> 41 3 2
4128 --> 41 3 3
4129 --> 41 3 4
4130 --> 41 3 5
4131 --> 41 3 6
4132 --> 41 3 7
4133 --> 41 4 0
4134 --> 41 4 1
4135 --> 41 4 2
4136 --> 41 4 3
4137 --> 41 4 4
4138 --> 41 4 5
4139 --> 41 4 6
4140 --> 41 4 7
4141 --> 41 5 0
4142 --> 41 5 1
4143 --> 41 5 2
4144 --> 41 5 3
4145 --> 41 5 4
4146 --> 41 5 5
4147 --> 41 5 6
4148 --> 41 5 7
4149 --> 41 6 0
4150 --> 41 6 1
4151 --> 41 6 2
4152 --> 41 6 3
4153 --> 41 6 4
4154 --> 41 6 5
4155 --> 41 6 6
4156 --> 41 6 7
4157 --> 41 7 0
4158 --> 41 7 1
4159 --> 41 7 2
4160 --> 41 7 3
4161 --> 41 7 4
4162 --> 41 7 5
4163 --> 41 7 6
4164 --> 41 15 0
4165 --> 41 15 1
4166 --> 41 15 2
4167 --> 41 15 3
4168 --> 41 15 4
4169 --> 41 15 5
4170 --> 41 15 6
4171 --> 41 15 7
4172 --> 41 15 8
4173 --> 41 15 9
4174 --> 41 15 10
4175 --> 41 15 11
4176 --> 42 1 4
4177 --> 42 1 5
4178 --> 42 1 6
4179 --> 42 1 7
4180 --> 42 1 8
4181 --> 42 2 5
4182 --> 42 2 6
4183 --> 42 2 7
4184 --> 42 2 8
4185 --> 42 3 4
4186 --> 42 3 5
4187 --> 42 3 6
4188 --> 42 3 7
4189 --> 42 3 8
4190 --> 42 4 1
4191 --> 42 4 2
4192 --> 42 4 3
4193 --> 42 4 4
4194 --> 42 4 5
4195 --> 42 4 6
4196 --> 42 4 7
4197 --> 42 4 8
4198 --> 42 5 1
4199 --> 42 5 2
4200 --> 42 5 3
4201 --> 42 5 4
4202 --> 42 5 5
4203 --> 42 5 6
4204 --> 42 5 7
4205 --> 42 5 8
4206 --> 42 6 1
4207 --> 42 6 2
4208 --> 42 6 3
4209 --> 42 6 4
4210 --> 42 6 5
4211 --> 42 6 6
4212 --> 42 6 7
4213 --> 42 6 8
4214 --> 42 7 1
4215 --> 42 7 2
4216 --> 42 7 3
4217 --> 42 7 4
4218 --> 42 7 5
4219 --> 42 7 6
4220 --> 42 7 7
4221 --> 42 7 8
4222 --> 42 8 2
4223 --> 42 8 3
4224 --> 42 8 4
4225 --> 42 8 5
4226 --> 42 8 6
4227 --> 42 8 7
4228 --> 42 15 0
4229 --> 42 15 1
4230 --> 42 15 2
4231 --> 42 15 3
4232 --> 42 15 4
4233 --> 42 15 5
4234 --> 42 15 6
4235 --> 42 15 7
4236 --> 42 15 8
4237 --> 42 15 9
4238 --> 42 15 10
4239 --> 42 15 11
4240 --> 43 0 3
4241 --> 43 0 4
4242 --> 43 0 5
4243 --> 43 0 6
4244 --> 43 1 3
4245 --> 43 1 4
4246 --> 43 1 5
4247 --> 43 1 6
4248 --> 43 1 7
4249 --> 43 2 3
4250 --> 43 2 4
4251 --> 43 2 5
4252 --> 43 2 6
4253 --> 43 2 7
4254 --> 43 3 0
4255 --> 43 3 2
4256 --> 43 3 3
4257 --> 43 3 4
4258 --> 43 3 5
4259 --> 43 3 6
4260 --> 43 3 7
4261 --> 43 4 0
4262 --> 43 4 1
4263 --> 43 4 2
4264 --> 43 4 3
4265 --> 43 4 4
4266 --> 43 4 5
4267 --> 43 4 6
4268 --> 43 4 7
4269 --> 43 5 0
4270 --> 43 5 1
4271 --> 43 5 2
4272 --> 43 5 3
4273 --> 43 5 4
4274 --> 43 5 5
4275 --> 43 5 6
4276 --> 43 5 7
4277 --> 43 6 0
4278 --> 43 6 1
4279 --> 43 6 2
4280 --> 43 6 3
4281 --> 43 6 4
4282 --> 43 6 5
4283 --> 43 6 6
4284 --> 43 6 7
4285 --> 43 7 0
4286 --> 43 7 1
4287 --> 43 7 2
4288 --> 43 7 3
4289 --> 43 7 4
4290 --> 43 7 5
4291 --> 43 7 6
4292 --> 43 15 0
4293 --> 43 15 1
4294 --> 43 15 2
4295 --> 43 15 3
4296 --> 43 15 4
4297 --> 43 15 5
4298 --> 43 15 6
4299 --> 43 15 7
4300 --> 43 15 8
4301 --> 43 15 9
4302 --> 43 15 10
4303 --> 43 15 11
4304 --> 44 1 4
4305 --> 44 1 5
4306 --> 44 1 6
4307 --> 44 1 7
4308 --> 44 2 5
4309 --> 44 2 6
4310 --> 44 2 7
4311 --> 44 3 4
4312 --> 44 3 5
4313 --> 44 3 6
4314 --> 44 3 7
4315 --> 44 4 1
4316 --> 44 4 2
4317 --> 44 4 3
4318 --> 44 4 4
4319 --> 44 4 5
4320 --> 44 4 6
4321 --> 44 4 7
4322 --> 44 5 1
4323 --> 44 5 2
4324 --> 44 5 3
4325 --> 44 5 4
4326 --> 44 5 5
4327 --> 44 5 6
4328 --> 44 5 7
4329 --> 44 6 1
4330 --> 44 6 2
4331 --> 44 6 3
4332 --> 44 6 4
4333 --> 44 6 5
4334 --> 44 6 6
4335 --> 44 6 7
4336 --> 44 7 2
4337 --> 44 7 3
4338 --> 44 7 4
4339 --> 44 7 5
4340 --> 44 7 6
4341 --> 44 15 0
4342 --> 44 15 1
4343 --> 44 15 2
4344 --> 44 15 3
4345 --> 44 15 4
4346 --> 44 15 5
4347 --> 44 15 6
4348 --> 44 15 7
4349 --> 44 15 8
4350 --> 44 15 9
4351 --> 44 15 10
4352 --> 44 15 11
4353 --> 45 0 3
4354 --> 45 0 4
4355 --> 45 0 5
4356 --> 45 1 3
4357 --> 45 1 4
4358 --> 45 1 5
4359 --> 45 1 6
4360 --> 45 2 3
4361 --> 45 2 4
4362 --> 45 2 5
4363 --> 45 2 6
4364 --> 45 3 0
4365 --> 45 3 2
4366 --> 45 3 3
4367 --> 45 3 4
4368 --> 45 3 5
4369 --> 45 3 6
4370 --> 45 4 0
4371 --> 45 4 1
4372 --> 45 4 2
4373 --> 45 4 3
4374 --> 45 4 4
4375 --> 45 4 5
4376 --> 45 4 6
4377 --> 45 5 0
4378 --> 45 5 1
4379 --> 45 5 2
4380 --> 45 5 3
4381 --> 45 5 4
4382 --> 45 5 5
4383 --> 45 5 6
4384 --> 45 6 0
4385 --> 45 6 1
4386 --> 45 6 2
4387 --> 45 6 3
4388 --> 45 6 4
4389 --> 45 6 5
4390 --> 45 15 0
4391 --> 45 15 1
4392 --> 45 15 2
4393 --> 45 15 3
4394 --> 45 15 4
4395 --> 45 15 5
4396 --> 45 15 6
4397 --> 45 15 7
4398 --> 45 15 8
4399 --> 45 15 9
4400 --> 45 15 10
4401 --> 45 15 11
4402 --> 46 1 4
4403 --> 46 1 5
4404 --> 46 1 6
4405 --> 46 1 7
4406 --> 46 2 5
4407 --> 46 2 6
4408 --> 46 2 7
4409 --> 46 3 4
4410 --> 46 3 5
4411 --> 46 3 6
4412 --> 46 3 7
4413 --> 46 4 1
4414 --> 46 4 2
4415 --> 46 4 3
4416 --> 46 4 4
4417 --> 46 4 5
4418 --> 46 4 6
4419 --> 46 4 7
4420 --> 46 5 1
4421 --> 46 5 2
4422 --> 46 5 3
4423 --> 46 5 4
4424 --> 46 5 5
4425 --> 46 5 6
4426 --> 46 5 7
4427 --> 46 6 1
4428 --> 46 6 2
4429 --> 46 6 3
4430 --> 46 6 4
4431 --> 46 6 5
4432 --> 46 6 6
4433 --> 46 6 7
4434 --> 46 7 2
4435 --> 46 7 3
4436 --> 46 7 4
4437 --> 46 7 5
4438 --> 46 7 6
4439 --> 46 15 0
4440 --> 46 15 1
4441 --> 46 15 2
4442 --> 46 15 3
4443 --> 46 15 4
4444 --> 46 15 5
4445 --> 46 15 6
4446 --> 46 15 7
4447 --> 46 15 8
4448 --> 46 15 9
4449 --> 46 15 10
4450 --> 46 15 11
4451 --> 47 0 3
4452 --> 47 0 4
4453 --> 47 0 5
4454 --> 47 1 3
4455 --> 47 1 4
4456 --> 47 1 5
4457 --> 47 1 6
4458 --> 47 2 3
4459 --> 47 2 4
4460 --> 47 2 5
4461 --> 47 2 6
4462 --> 47 3 0
4463 --> 47 3 2
4464 --> 47 3 3
4465 --> 47 3 4
4466 --> 47 3 5
4467 --> 47 3 6
4468 --> 47 4 0
4469 --> 47 4 1
4470 --> 47 4 2
4471 --> 47 4 3
4472 --> 47 4 4
4473 --> 47 4 5
4474 --> 47 4 6
4475 --> 47 5 0
4476 --> 47 5 1
4477 --> 47 5 2
4478 --> 47 5 3
4479 --> 47 5 4
4480 --> 47 5 5
4481 --> 47 5 6
4482 --> 47 6 0
4483 --> 47 6 1
4484 --> 47 6 2
4485 --> 47 6 3
4486 --> 47 6 4
4487 --> 47 6 5
4488 --> 47 15 0
4489 --> 47 15 1
4490 --> 47 15 2
4491 --> 47 15 3
4492 --> 47 15 4
4493 --> 47 15 5
4494 --> 47 15 6
4495 --> 47 15 7
4496 --> 47 15 8
4497 --> 47 15 9
4498 --> 47 15 10
4499 --> 47 15 11
